Instrument:
COMMON STOCK
COM
MMM
43,184,403.81
768,800
84.32
3M COMPANY
88579Y101
64,825,216.00
ABT
52,950,884.29
1,644,300
56.15
ABBOTT LABORATORIES
002824100
92,327,445.00
ACN
27,012,440.00
633,500
36.03
ACCENTURE LTD - CL A
G1150G111
22,825,005.00
ACE
21,918,750.00
350,700
61.78
ACE LTD
G0070K103
21,666,246.00
ADBE
13,929,686.41
627,700
42.73
ADOBE SYSTEMS INC.
00724F101
26,821,621.00
AET
6,530,042.26
546,800
57.73
AETNA INC.
00817Y108
31,566,764.00
AFL
15,890,082.17
522,200
62.63
AFLAC INC
001055102
32,705,386.00
AA
25,880,061.37
928,200
36.55
ALCOA INC.
013817101
33,925,710.00
ALL
21,768,149.96
609,300
52.23
ALLSTATE CORP
020002101
31,823,739.00
MO
60,087,268.66
2,245,200
75.58
ALTRIA GROUP INC
02209S103
169,692,216.00
AMZN
22,375,863.00
324,900
92.64
AMAZON COM INC
023135106
30,098,736.00
AXP
36,111,347.24
1,105,500
52.02
AMERICAN EXPRESS CO.
025816109
57,508,110.00
AIG
112,982,911.08
2,392,800
58.30
AMERICAN INTL GROUP
026874107
139,500,240.00
AMGN
40,914,461.30
1,162,000
46.44
AMGEN INC
031162100
53,963,280.00
APC
12,772,435.89
495,200
65.69
ANADARKO PETROLEUM CORP
032511107
32,529,688.00
BUD
31,339,753.05
811,200
52.34
ANHEUSER-BUSCH
035229103
42,458,208.00
APA
13,529,731.56
353,500
107.54
APACHE CORP.
037411105
38,015,390.00
AAPL
25,995,195.93
923,300
198.08
APPLE INC.
037833100
182,887,264.00
AMAT
29,230,283.06
1,475,400
17.76
APPLIED MATERIALS INC.
038222105
26,203,104.00
ADM
27,448,112.99
696,600
46.43
ARCHER DANIELS MIDLAND CO
039483102
32,343,137.99
T
191,461,626.53
6,581,643
41.56
AT&T INC
00206R102
273,533,083.09
ADP
19,056,018.32
590,700
44.53
AUTOMATIC DATA PROC.
053015103
26,303,871.00
BHI
11,350,370.56
342,000
81.10
BAKER HUGHES CORP
057224107
27,736,200.00
BAC
134,651,579.77
4,737,257
41.26
BANK OF AMERICA CORP.
060505104
195,459,223.82
BAX
19,245,830.24
695,600
58.05
BAXTER INTL
071813109
40,379,580.00
BBT
20,075,855.76
588,161
30.67
BB&T CORPORATION
054937107
18,038,897.86
BSC
17,692,356.55
127,100
88.25
BEAR STEARNS COMPANIES INC
073902108
11,216,575.00
BDX
9,205,066.03
261,500
83.58
BECTON DICKINSON & COMPANY
075887109
21,856,170.00
BBY
10,606,347.63
368,600
52.65
BEST BUY COMPANY INC
086516101
19,406,790.00
BIIB
14,266,394.00
307,400
56.92
BIOGEN IDEC INC
09062X103
17,497,208.00
Instrument:
COMMON STOCK
COM
BA
36,569,215.21
840,600
87.46
BOEING CO
097023105
73,518,876.00
BSX
24,459,303.25
1,421,872
11.63
BOSTON SCIENTIFIC CORP.
101137107
16,536,371.37
BMY
60,087,181.20
2,100,800
26.52
BRISTOL-MYERS SQUIBB
110122108
55,713,216.00
BNI
17,750,670.00
380,100
83.23
BURLINGTON NORTHERN SANTA FE
12189T104
31,635,723.00
COF
27,111,972.12
417,800
47.26
CAPITAL ONE FINANCIAL CORP.
14040H105
19,745,228.00
CAH
18,477,990.28
389,800
57.75
CARDINAL HEALTH INC.
14149Y108
22,510,950.00
CCL
23,046,976.00
467,200
44.49
CARNIVAL CORP
143658300
20,785,728.00
CAT
22,578,816.89
683,600
72.56
CATERPILLAR INC.
149123101
49,602,016.00
CBS
19,145,709.96
641,400
27.25
CBS CORP. CL. B
124857202
17,478,150.00
CELG
12,023,296.89
405,500
46.21
CELGENE CORP
151020104
18,738,155.00
CVX
87,994,636.82
2,294,291
93.33
CHEVRON CORP.
166764100
214,126,179.03
CB
13,574,169.02
428,500
54.58
CHUBB CORP
171232101
23,387,530.00
CSCO
134,452,198.04
6,480,800
27.07
CISCO SYSTEMS
17275R102
175,435,256.00
C
136,939,733.36
5,280,200
29.44
CITIGROUP INC.
172967101
155,449,088.00
CCU
24,985,198.94
529,900
34.52
CLEAR CHANNEL COMMUNICATIONS
184502102
18,292,148.00
CME
21,422,934.25
58,300
686.00
CME GROUP INC
12572Q105
39,993,799.99
KO
114,619,914.79
2,465,700
61.37
COCA COLA CO.
191216100
151,320,009.00
CL
21,696,965.91
546,000
77.96
COLGATE PALMOLIVE
194162103
42,566,160.00
CMCSA
63,260,502.92
3,152,850
18.26
COMCAST CORP - CL A
20030N101
57,571,041.00
COP
43,280,362.40
1,744,778
88.30
CONOCOPHILLIPS
20825C104
154,063,897.40
GLW
25,440,626.13
1,678,900
23.99
CORNING INC
219350105
40,276,811.00
COST
18,525,730.34
476,800
69.76
COSTCO WHOLESALE CORP.
22160K105
33,261,568.00
CFC
9,507,376.81
633,400
8.94
COUNTRYWIDE FINANCIAL CORP
222372104
5,662,596.00
COV
23,093,317.39
529,075
44.29
COVIDIEN LTD
G2552X108
23,432,731.75
CVS
24,305,770.46
1,578,675
39.75
CVS/CAREMARK CORP
126650100
62,752,331.25
DHR
9,657,107.33
262,400
87.74
DANAHER CORP
235851102
23,022,976.00
DE
13,139,058.37
484,400
93.12
DEERE & CO.
244199105
45,107,328.00
DELL
61,630,281.67
2,425,000
24.51
DELL INC
24702R101
59,436,750.00
DVN
13,936,724.21
475,100
88.91
DEVON ENERGY CORPORATION
25179M103
42,241,141.00
DFS
7,869,603.62
510,250
15.08
DISCOVER FINANCIAL
254709108
7,694,570.00
Instrument:
COMMON STOCK
COM
DIS
57,554,352.39
2,115,500
32.28
DISNEY (WALT) CO.
254687106
68,288,340.00
D
19,959,971.60
622,800
47.45
DOMINION RESOURCES INC-VA
25746U109
29,551,860.00
DOW
34,813,859.92
1,017,500
39.42
DOW CHEMICAL CO
260543103
40,109,850.00
DUK
20,354,556.72
1,344,300
20.17
DUKE ENERGY CORPORATION
26441C105
27,114,531.00
DD
47,252,247.47
986,000
44.09
E I DUPONT DE NEM.
263534109
43,472,740.00
EBAY
34,603,044.63
1,220,000
33.19
EBAY INC
278642103
40,491,799.99
LLY
51,925,192.99
1,060,400
53.39
ELI LILLY & COMPANY
532457108
56,614,756.00
EMC
31,474,081.06
2,239,800
18.53
EMC CORP
268648102
41,503,494.00
EMR
21,658,083.21
848,800
56.66
EMERSON ELECTRIC CO
291011104
48,093,008.00
ETR
20,403,461.18
210,600
119.52
ENTERGY CORP.
29364G103
25,170,912.00
EOG
15,750,231.41
261,100
89.25
EOG RESOURCES INC
26875P101
23,303,175.00
EXC
23,037,906.06
718,000
81.64
EXELON CORP
30161N101
58,617,520.00
XOM
159,365,427.00
6,014,200
93.69
EXXON MOBIL CORPORATION
30231G102
563,470,398.00
FNM
50,717,824.98
1,038,600
39.98
FED. NATL. MTG. ASSN.
313586109
41,523,228.00
M
15,410,579.75
465,700
25.87
FEDERATED DEPARTMENT STORES
55616P104
12,047,659.00
FDX
17,276,404.04
328,600
89.17
FEDEX CORPORATION
31428X106
29,301,262.00
FITB
27,926,292.41
587,100
25.13
FIFTH THIRD BANCORP
316773100
14,753,823.00
FE
10,850,125.06
325,400
72.34
FIRST ENERGY CORP.
337932107
23,539,436.00
FPL
17,893,226.57
433,900
67.78
FPL GROUP INC.
302571104
29,409,742.00
BEN
8,264,173.56
176,900
114.43
FRANKLIN RESOURCES INC
354613101
20,242,667.00
FRE
34,578,848.86
706,000
34.07
FREDDIE MAC
313400301
24,053,420.00
FCX
33,715,734.00
406,900
102.44
FREEPORT MCMORAN CLASS B
35671D857
41,682,836.00
DNA
20,752,432.89
496,900
67.07
GENENTECH INC.
368710406
33,327,083.00
GD
18,064,723.59
432,100
88.99
GENERAL DYNAMICS CORP.
369550108
38,452,579.00
GE
256,232,150.85
10,984,100
37.07
GENERAL ELECTRIC CO
369604103
407,180,587.00
GIS
15,755,641.72
345,500
57.00
GENERAL MILLS INC
370334104
19,693,500.00
GM
24,029,905.29
514,600
24.89
GENERAL MOTORS CORP
370442105
12,808,394.00
GENZ
10,981,884.71
281,900
74.44
GENZYME CORP. GEN. DIV.
372917104
20,984,636.00
GILD
10,732,336.83
996,800
46.01
GILEAD SCIENCES INC.
375558103
45,862,768.00
GS
41,374,810.62
436,100
215.05
GOLDMAN SACHS GROUP INC
38141G104
93,783,305.00
Instrument:
COMMON STOCK
COM
GOOG
79,255,386.15
244,800
691.48
GOOGLE INC - CL A
38259P508
169,274,304.00
HAL
17,367,221.12
975,600
37.91
HALLIBURTON COMPANY
406216101
36,984,996.00
HIG
16,810,939.49
338,000
87.19
HARTFORD FINL SERVICES
416515104
29,470,220.00
HPQ
63,241,474.73
2,857,100
50.48
HEWLETT-PACKARD CO
428236103
144,226,408.00
HD
49,374,261.53
1,805,900
26.94
HOME DEPOT INC.
437076102
48,650,946.00
HON
32,616,813.96
832,300
61.57
HONEYWELL INTERNATIONAL INC
438516106
51,244,711.00
ITW
17,577,466.61
529,400
53.54
ILLINOIS TOOL WORKS
452308109
28,344,076.00
INTC
131,879,149.58
6,202,200
26.66
INTEL CORP.
458140100
165,350,652.00
IP
17,312,130.87
464,900
32.38
INTERNATIONAL PAPER
460146103
15,053,462.00
IBM
109,629,598.35
1,458,200
108.10
INTL BUS MACH CORP
459200101
157,631,420.00
JNJ
107,360,711.71
3,092,000
66.70
JOHNSON & JOHNSON
478160104
206,236,400.00
JCI
17,315,532.00
631,800
36.04
JOHNSON CONTROLS
478366107
22,770,072.00
JPM
122,410,622.01
3,646,700
43.65
JPMORGAN CHASE & CO.
46625H100
159,178,455.00
K
8,744,981.08
252,000
52.43
KELLOGG CO.
487836108
13,212,360.00
KMB
23,936,814.49
455,100
69.34
KIMBERLY-CLARK CORP
494368103
31,556,634.00
KSS
16,811,834.57
342,800
45.80
KOHLS CORP
500255104
15,700,240.00
KFT
26,104,099.86
1,712,546
32.63
KRAFT FOODS INC - A
50075N104
55,880,375.98
KR
20,903,891.00
718,100
26.71
KROGER CO.
501044101
19,180,451.00
LVS
8,659,752.15
111,300
103.05
LAS VEGAS SANDS CORP
517834107
11,469,465.00
LEH
15,593,637.41
568,500
65.44
LEHMAN BROTHERS HOLDING
524908100
37,202,640.00
LNC
14,902,244.73
289,000
58.22
LINCOLN NATIONAL CORP
534187109
16,825,579.99
LMT
16,679,564.54
375,800
105.26
LOCKHEED MARTIN CORPORATION
539830109
39,556,708.00
LTR
12,169,556.35
465,000
50.34
LOEWS CORP
540424108
23,408,100.00
LOW
20,312,316.71
1,607,300
22.62
LOWE'S COS
548661107
36,357,126.00
MRO
22,120,891.90
768,000
60.86
MARATHON OIL CORP
565849106
46,740,480.00
MAR
7,969,152.71
351,300
34.18
MARRIOTT INT'L INC CL-A
571903202
12,007,434.00
MMC
18,909,830.06
555,300
26.47
MARSH & MCLENNAN COS.
571748102
14,698,791.00
MCD
38,016,536.05
1,274,400
58.91
MCDONALDS CORPORATION
580135101
75,074,904.00
MHP
12,529,631.44
366,300
43.81
MCGRAW HILL INC
580645109
16,047,603.00
MCK
15,063,512.80
317,300
65.51
MCKESSON CORP
58155Q103
20,786,323.01
Instrument:
COMMON STOCK
COM
MHS
13,934,285.73
299,000
101.40
MEDCO HEALTH SOLUTIONS INC
58405U102
30,318,600.00
MDT
36,754,523.66
1,226,500
50.27
MEDTRONIC INC
585055106
61,656,155.00
MRK
100,072,649.76
2,313,400
58.11
MERCK & CO INC
589331107
134,431,674.00
MER
41,673,513.44
938,588
53.68
MERRILL LYNCH & CO. INC.
590188108
50,383,410.28
MET
18,421,151.50
503,600
61.62
METLIFE INC
59156R108
31,031,832.00
MGM
10,260,612.00
126,300
84.02
MGM MIRAGE
552953101
10,611,726.00
MSFT
220,917,761.39
8,762,100
35.60
MICROSOFT CORP.
594918104
311,930,760.00
MON
19,058,483.52
581,000
111.69
MONSANTO COMPANY
61166W101
64,891,890.00
MCO
7,380,791.82
228,500
35.70
MOODY'S CORPORATION
615369105
8,157,450.00
MS
42,394,791.53
1,125,100
53.11
MORGAN STANLEY
617446448
59,754,061.00
MOT
44,128,258.53
2,470,600
16.04
MOTOROLA INC
620076109
39,628,424.00
NCC
19,452,832.23
614,465
16.46
NATIONAL CITY CORP
635405103
10,114,093.90
NEM
16,587,722.18
453,900
48.83
NEWMONT MNG. CORP. HLDG CO
651639106
22,163,937.00
NWS.A
41,162,976.00
2,432,800
20.49
NEWS CORP INC-CL A
65248E104
49,848,072.00
NKE
12,650,463.15
380,400
64.24
NIKE INC. -CL B
654106103
24,436,896.00
NSC
22,341,756.00
419,800
50.44
NORFOLK SOUTHERN CORP.
655844108
21,174,712.00
NOC
16,439,094.52
368,400
78.64
NORTHROP GRUMMAN CORP.
666807102
28,970,976.00
NUE
17,034,584.77
322,100
59.22
NUCOR CORP
670346105
19,074,761.98
NYX
21,227,008.00
281,600
87.77
NYSE EURONEXT
629491101
24,716,032.00
OXY
13,073,930.95
890,100
76.99
OCCIDENTAL PETROLEUM CORP.
674599105
68,528,799.00
OMC
12,573,672.48
353,200
47.53
OMNICOM GROUP
681919106
16,787,596.00
ORCL
41,405,746.03
4,116,100
22.58
ORACLE SYS. CORP.
68389X105
92,941,537.99
PCAR
23,186,436.00
397,800
54.48
PACCAR INC
693718108
21,672,144.00
PEP
56,289,038.79
1,738,800
75.90
PEPSICO INC.
713448108
131,974,920.00
PFE
164,574,508.07
7,491,700
22.73
PFIZER INC.
717081103
170,286,341.00
PNC
20,352,213.70
368,252
65.65
PNC FINANCIAL SERVICES GROUP
693475105
24,175,743.80
PX
15,811,249.00
340,100
88.71
PRAXAIR INC.
74005P104
30,170,271.00
PG
113,311,682.62
3,361,423
73.42
PROCTER & GAMBLE CO
742718109
246,795,676.66
PGR
16,269,856.98
745,700
19.16
PROGRESSIVE CORP
743315103
14,287,612.00
PRU
19,440,486.34
494,300
93.04
PRUDENTIAL FINANCIAL INC
744320102
45,989,672.00
Instrument:
COMMON STOCK
COM
PEG
17,898,684.00
270,700
98.24
PUBLIC SVC ENTERPRISES
744573106
26,593,568.00
QCOM
40,711,179.10
1,779,300
39.35
QUALCOMM INC
747525103
70,015,455.00
RTN
16,746,851.08
473,700
60.70
RAYTHEON COMPANY
755111507
28,753,590.00
RF
26,108,972.56
752,200
23.65
REGIONS FINANCIAL CORP.
7591EP100
17,789,530.00
RAI
10,373,116.59
182,900
65.96
REYNOLDS AMERICAN INC
761713106
12,064,084.00
SGP
35,949,711.09
1,729,300
26.64
SCHERING-PLOUGH
806605101
46,068,552.00
SLB
112,235,101.00
1,258,100
98.37
SCHLUMBERGER
806857108
123,759,297.00
SCHW
13,506,491.29
1,001,300
25.55
SCHWAB (CHARLES) CORP
808513105
25,583,215.00
SHLD
11,800,811.68
80,100
102.05
SEARS HOLDINGS CORP
812350106
8,174,205.00
SLM
13,915,233.42
439,100
20.14
SLM CORP
78442P106
8,843,474.00
SO
22,606,088.87
802,600
38.75
SOUTHERN CO
842587107
31,100,750.00
PCU
7,408,746.00
78,300
105.13
SOUTHERN COPPER CORP
84265V105
8,231,679.00
S
54,368,882.51
3,002,489
13.13
SPRINT NEXTEL CORP
852061100
39,422,680.57
SPLS
10,678,908.95
763,500
23.07
STAPLES INC
855030102
17,613,945.00
SBUX
9,439,451.59
790,700
20.47
STARBUCKS CORP.
855244109
16,185,629.00
STT
20,304,260.99
423,200
81.20
STATE STREET CORP
857477103
34,363,840.00
SYK
9,508,397.80
324,000
74.72
STRYKER CORP.
863667101
24,209,280.00
JAVA
15,807,086.36
952,900
18.13
SUN MICROSYSTEMS INC.
866810203
17,276,077.00
STI
24,508,460.89
380,700
62.49
SUNTRUST BANKS INC.
867914103
23,789,943.00
SYMC
15,694,756.19
961,952
16.14
SYMANTEC CORP
871503108
15,525,905.28
SYY
16,313,539.48
659,800
31.21
SYSCO CORP.
871829107
20,592,358.00
TGT
26,816,920.82
913,000
50.00
TARGET CORP
87612E106
45,650,000.00
TXN
42,620,197.76
1,530,400
33.40
TEXAS INSTRS INC
882508104
51,115,360.00
BK
40,295,140.94
1,208,276
48.76
THE BANK OF NEW YORK MELLON CORP
064058100
58,915,537.76
DTV
11,333,535.68
761,500
23.12
THE DIRECTV GROUP INC
25459L106
17,605,880.00
TMO
22,771,290.04
450,300
57.68
THERMO ELECTRON CORP.
883556102
25,973,304.00
TWC
6,554,709.00
165,900
27.60
TIME WARNER CABLE-A
88732J108
4,578,840.00
TWX
120,511,296.13
4,020,600
16.51
TIME WARNER INC.
887317105
66,380,106.00
RIG
40,878,843.78
330,980
143.15
TRANSOCEAN INC
G90073100
47,379,787.00
TRV
26,079,871.65
708,900
53.80
TRAVELERS COS INC
89417E109
38,138,820.00
Instrument:
COMMON STOCK
COM
TEL
20,928,653.72
529,075
37.13
TYCO ELECTRONICS
G9144P105
19,644,554.75
TYC
28,397,814.89
529,075
39.65
TYCO INTERNATIONAL LTD
G9143X208
20,977,823.75
UNP
15,777,871.59
287,600
125.62
UNION PACIFIC CORP.
907818108
36,128,312.00
UPS
48,487,651.16
716,800
70.72
UNITED PARCEL SERVICES INC
911312106
50,692,096.00
UTX
38,016,068.38
1,061,500
76.54
UNITED TECHNOLOGIES
913017109
81,247,210.00
UNH
29,007,477.12
1,430,600
58.20
UNITEDHEALTH GROUP INC
91324P102
83,260,920.01
USB
44,604,354.35
1,856,000
31.74
US BANCORP
902973304
58,909,440.00
VLO
24,592,448.30
586,100
70.03
VALERO ENERGY CORP.
91913Y100
41,044,583.00
VZ
120,778,096.10
3,099,300
43.69
VERIZON COMMUNICATIONS
92343V104
135,408,417.00
VIA.B
30,356,710.76
650,200
43.92
VIACOM INC. CL B
92553P201
28,556,784.00
VMW
3,451,812.00
40,600
84.99
VMWARE INC-CLASS A
928563402
3,450,594.00
WB
86,207,289.56
2,122,343
38.03
WACHOVIA CORP.
929903102
80,712,704.29
WMT
84,202,049.38
2,574,000
47.53
WAL MART STORES INC
931142103
122,342,220.00
WAG
23,783,583.88
1,064,600
38.08
WALGREEN CO.
931422109
40,539,968.00
WM
30,307,497.02
942,100
13.61
WASHINGTON MUTUAL INC.
939322103
12,821,981.00
WMI
17,863,023.73
552,200
32.67
WASTE MANAGEMENT INC.
94106L109
18,040,374.00
WLP
32,285,113.31
610,300
87.73
WELLPOINT INC.
94973V107
53,541,619.00
WFC
56,812,349.10
3,628,133
30.19
WELLS FARGO COMPANY
949746101
109,533,335.26
WU
10,614,311.46
824,900
24.28
WESTERN UNION CO.
959802109
20,028,572.00
WY
13,414,048.87
230,533
73.74
WEYERHAEUSER CO.
962166104
16,999,503.42
WYE
54,562,598.65
1,435,900
44.19
WYETH
983024100
63,452,421.00
XTO
18,633,153.00
516,250
51.36
XTO ENERGY INC.
98385X106
26,514,600.00
YHOO
42,869,860.77
1,291,000
23.26
YAHOO INC
984332106
30,028,660.00
ZMH
10,857,227.78
252,700
66.15
ZIMMER HOLDINGS INC
98956P102
16,716,105.00
COMMON STOCK  TOTAL
7,403,075,404.14
11,220,236,341.22
242,400,232
Instrument:
REAL ESTATE INVESTMENT TRUST
REIT
SPG
17,443,184.86
235,300
86.86
SIMON PROP GROUP INC.
828806109
20,438,158.00
REAL ESTATE INVESTMENT TRUST  TOTAL
17,443,184.86
20,438,158.00
235,300
LARGE-CAP PASSIVE (Q) TOTAL
7,420,518,589.00
11,240,674,499.22
242,635,532