Instrument:
COMMON STOCK
COM
3,724,403.43
166,900
21.55
CB RICHARD ELLIS GROUP INC-A
12497T101
3,596,694.99
5,982,706.98
111,000
44.03
STARWOOD HOTELS & RESORTS
85590A401
4,887,330.00
COMMON STOCK  TOTAL
9,707,110.41
8,484,024.99
277,900
Instrument:
REAL ESTATE INVESTMENT TRUST
REIT
3,999,619.45
153,000
25.61
ACADIA RLTY TR
004239109
3,918,330.02
1,740,352.34
4,600
353.25
ALEXANDERS INC
014752109
1,624,950.01
12,149,126.19
142,000
101.67
ALEXANDRIA REAL ESTATE
015271109
14,437,140.01
23,884,897.17
477,637
57.56
AMB PROPERTY CORP.
00163T109
27,492,785.75
5,439,315.07
635,000
8.02
AMERICAN FINANCIAL REALTY TRUST
02607P305
5,092,700.01
9,570,245.82
206,704
34.73
APARTMENT INVT & MGMT
03748R101
7,178,829.91
5,316,518.00
462,000
7.19
ASHFORD HOSPITALITY TRUST INC
044103109
3,321,780.00
3,445,244.68
245,334
9.44
ASSOCIATED ESTATES
045604105
2,315,952.99
34,067,258.77
369,198
94.14
AVALONBAY COMMUNITIES
053484101
34,756,299.72
4,180,512.36
166,000
23.17
BIOMED REALTY TRUST
09063H107
3,846,219.99
31,181,666.57
406,084
91.81
BOSTON PROPERTIES INC
101121101
37,282,572.02
2,521,378.46
98,650
17.93
BRANDYWINE REALTY
105368203
1,768,794.50
14,420,204.49
271,635
40.53
BRE PROPERTIES  -CL A
05564E106
11,009,366.51
4,726,047.50
200,000
19.25
BROOKFIELD PROP CORP
112900105
3,850,000.00
12,155,940.01
200,384
48.15
CAMDEN PROPERTY TRUST
133131102
9,648,489.55
5,390,186.00
147,280
23.91
CBL & ASSOC PROP
124830100
3,521,464.80
1,297,600.70
103,300
10.23
CEDAR SHOPPING CENTERS INC
150602209
1,056,759.00
12,010,581.63
313,000
31.50
CORPORATE OFFICE PROPERTY
22002T108
9,859,500.00
2,317,649.56
79,000
22.10
COUSINS PROPERTIES INC
222795106
1,745,900.01
7,652,120.36
727,800
9.31
DCT INDUSTRIAL TRUST INC
233153105
6,775,817.97
22,350,318.37
493,071
38.29
DEVELOPERS DIVERSIFIED RE
251591103
18,879,688.60
7,209,508.44
403,400
14.98
DIAMONDROCK HOSPITALITY
252784301
6,042,931.98
14,646,381.04
414,300
38.37
DIGITAL REALTY TRUST INC
253868103
15,896,691.03
10,722,992.57
640,100
22.61
DOUGLAS EMMETT INC
25960P109
14,472,661.01
10,754,272.34
322,233
26.08
DUKE RE CORPORATION
264411505
8,403,836.67
475,237.50
25,000
19.60
DUPONT FABROS TECHNOLOGY
26613Q106
490,000.00
1,801,596.00
160,000
11.24
EDUCATION REALTY TRUST INC
28140H104
1,798,400.00
Instrument:
REAL ESTATE INVESTMENT TRUST
REIT
6,635,169.60
136,500
45.67
EQUITY LIFESTYLE PROPERTIES INC
29472R108
6,233,954.98
35,725,124.31
1,042,426
36.47
EQUITY RESIDENTIAL PROP
29476L107
38,017,276.20
10,978,155.13
100,000
97.49
ESSEX PROPERTY TRUST INC.
297178105
9,748,999.99
22,349,893.81
298,530
82.15
FEDERAL REALTY INV.
313747206
24,524,239.49
4,381,830.49
198,000
15.59
FELCOR LODGING TRUST
31430F101
3,086,819.98
588,487.10
15,000
34.60
FIRST INDUSTRIAL RE
32054K103
519,000.00
1,928,888.17
84,700
17.29
FIRST POTOMAC REALTY TRUST
33610F109
1,464,462.95
33,836,652.64
868,157
41.18
GENERAL GROWTH PROP
370021107
35,750,705.30
738,292.18
35,000
14.29
GLIMCHER REALTY TRUST
379302102
500,149.99
1,894,153.59
234,300
5.52
GMH COMMUNITIES TRUST
36188G102
1,293,335.99
30,947,941.28
948,100
34.78
HCP INC
40414L109
32,974,917.98
9,048,189.54
209,900
44.69
HEALTH CARE REIT INC
42217K106
9,380,431.00
729,756.03
64,000
9.50
HERSHA HOSPITALITY TRUST
427825104
607,999.97
2,603,843.16
80,000
29.38
HIGHWOODS PROP INC.
431284108
2,350,400.00
9,907,341.95
260,700
32.22
HOSPITALITY PROPERTIES
44106M102
8,399,753.99
37,610,423.27
2,057,107
17.04
HOST HOTELS & RESORTS INC
44107P104
35,053,103.27
4,835,686.70
435,000
7.73
HRPT PROPERTIES TRUST
40426W101
3,362,549.95
11,675,201.36
176,000
54.96
KILROY RE CORP
49427F108
9,672,960.00
24,314,887.15
814,544
36.40
KIMCO REALTY CORP
49446R109
29,649,401.60
8,774,478.13
224,500
31.90
LASALLE HOTEL PROPERTIES
517942108
7,161,550.01
12,049,552.33
291,361
28.81
LIBERTY PROPERTY TRUST
531172104
8,394,110.40
18,529,860.52
261,600
71.06
MACERICH CO
554382101
18,589,296.02
3,816,208.62
128,400
29.47
MAGUIRE PROPERTIES INC
559775101
3,783,948.01
4,954,023.63
102,000
42.75
MID-AMERICAN APARTMENT
59522J103
4,360,500.04
11,480,358.38
387,000
31.37
NATIONWIDE HEALTH PP
638620104
12,140,190.00
7,970,821.10
177,250
35.12
POST PROPERTIES,INC.
737464107
6,225,020.04
50,138,111.18
1,042,506
63.38
PROLOGIS TRUST
743410102
66,074,030.28
4,127,496.19
69,400
52.55
PS BUSINESS PARKS INC/CA
69360J107
3,646,970.00
30,587,598.07
494,800
73.41
PUBLIC STORAGE INC
74460D109
36,323,267.95
4,373,773.14
160,000
27.02
REALTY INCOME CORP
756109104
4,323,200.01
15,825,767.44
285,800
64.49
REGENCY CENTERS CORP
758849103
18,431,241.98
Instrument:
REAL ESTATE INVESTMENT TRUST
REIT
697,323.65
13,400
53.43
SAUL CENTERS INC
804395101
715,962.00
1,000,800.58
50,000
22.68
SENIOR HOUSING PROP TRUST
81721M109
1,134,000.00
56,156,394.11
852,821
86.86
SIMON PROP GROUP INC.
828806109
74,076,032.04
24,473,372.00
259,151
93.46
SL GREEN RE CORP
78440X101
24,220,252.51
1,982,478.29
93,694
16.73
STRATEGIC HOTELS & RESORTS, INC
86272T106
1,567,500.64
622,720.84
28,800
21.07
SUN COMMUNITIES INC
866674104
606,816.00
5,799,743.39
211,000
18.29
SUNSTONE HOTEL INVESTORS INC
867892101
3,859,190.01
1,539,882.27
40,000
37.71
TANGER FACTORY OUTLET
875465106
1,508,400.01
9,124,886.13
205,600
49.19
TAUBMAN CENTERS INC
876664103
10,113,463.97
9,349,410.41
387,446
19.85
UDR INC
902653104
7,690,803.09
3,824,833.10
259,500
9.16
U-STORE-IT TRUST
91274F104
2,377,020.03
28,589,240.05
707,000
45.25
VENTAS INC.
92276F100
31,991,749.96
43,350,870.67
523,096
87.95
VORNADO REALTY TRUST
929042109
46,006,293.20
5,039,857.92
142,208
31.41
WASHINGTON RE INV
939653101
4,466,753.32
6,789,364.93
172,075
31.44
WEINGARTEN RE INVST
948741103
5,410,038.01
REAL ESTATE INVESTMENT TRUST  TOTAL
887,125,915.92
914,275,924.22
23,495,082
REAL ESTATE REIT TOTAL
896,833,026.33
922,759,949.21
23,772,982