Instrument:
COMMON STOCK
COM
MMM
5,645,203.68
100,500
84.32
3M COMPANY
88579Y101
8,474,160.00
ABT
5,474,457.44
170,000
56.15
ABBOTT LABORATORIES
002824100
9,545,500.00
AET
1,734,020.00
145,200
57.73
AETNA INC.
00817Y108
8,382,396.00
AFL
1,177,606.62
38,700
62.63
AFLAC INC
001055102
2,423,781.00
AA
6,083,479.74
211,200
36.55
ALCOA INC.
013817101
7,719,360.00
AGN
1,946,186.96
52,400
64.24
ALLERGAN PHARMACEUTICALS INC.
018490102
3,366,176.00
ALL
6,445,058.67
180,400
52.23
ALLSTATE CORP
020002101
9,422,292.00
MO
9,696,070.48
362,300
75.58
ALTRIA GROUP INC
02209S103
27,382,634.00
AXP
4,690,718.64
143,600
52.02
AMERICAN EXPRESS CO.
025816109
7,470,072.00
AIG
16,257,111.45
344,300
58.30
AMERICAN INTL GROUP
026874107
20,072,690.00
AMGN
4,996,352.89
141,900
46.44
AMGEN INC
031162100
6,589,836.00
AMR
58,871,360.66
3,330,562
14.03
AMR CORP.
001765106
46,727,784.87
APC
4,730,340.79
183,400
65.69
ANADARKO PETROLEUM CORP
032511107
12,047,546.00
BUD
3,376,595.66
87,400
52.34
ANHEUSER-BUSCH
035229103
4,574,516.00
APA
4,367,022.28
114,100
107.54
APACHE CORP.
037411105
12,270,314.00
AAPL
857,484.27
70,600
198.08
APPLE INC.
037833100
13,984,448.00
AMAT
5,190,683.32
262,000
17.76
APPLIED MATERIALS INC.
038222105
4,653,120.00
ADM
2,855,243.76
164,600
46.43
ARCHER DANIELS MIDLAND CO
039483102
7,642,378.00
T
25,700,558.09
1,009,812
41.56
AT&T INC
00206R102
41,967,786.72
AVP
4,799,238.69
174,322
39.53
AVON PRODUCTS
054303102
6,890,948.65
BAC
17,572,551.67
618,400
41.26
BANK OF AMERICA CORP.
060505104
25,515,184.00
BCR
2,825,431.31
42,900
94.80
BARD C. R. INC.
067383109
4,066,920.00
BEAS
22,468,245.21
2,000,000
15.78
BEA SYSTEMS INC
073325102
31,560,000.01
BSC
5,582,400.48
68,810
88.25
BEAR STEARNS COMPANIES INC
073902108
6,072,482.50
BEC
9,740,672.99
163,000
72.80
BECKMAN COULTER INC.
075811109
11,866,400.00
BDX
1,386,920.09
39,400
83.58
BECTON DICKINSON & COMPANY
075887109
3,293,052.00
BER
5,896,186.19
180,000
29.81
BERKLEY (WR) CORP
084423102
5,365,800.00
BBY
3,159,460.04
109,800
52.65
BEST BUY COMPANY INC
086516101
5,780,970.00
BJS
7,154,348.50
261,000
24.26
BJ SERVICES CO
055482103
6,331,860.00
BA
4,011,041.69
92,200
87.46
BOEING CO
097023105
8,063,812.00
Instrument:
COMMON STOCK
COM
BSX
5,903,427.20
253,000
11.63
BOSTON SCIENTIFIC CORP.
101137107
2,942,390.00
BMY
12,819,437.66
448,200
26.52
BRISTOL-MYERS SQUIBB
110122108
11,886,264.00
BNI
3,184,305.54
96,500
83.23
BURLINGTON NORTHERN SANTA FE
12189T104
8,031,695.00
COF
4,449,584.41
63,100
47.26
CAPITAL ONE FINANCIAL CORP.
14040H105
2,982,106.00
CAH
3,100,206.69
65,400
57.75
CARDINAL HEALTH INC.
14149Y108
3,776,850.00
CAT
2,538,256.92
66,000
72.56
CATERPILLAR INC.
149123101
4,788,960.00
CBS
4,165,550.08
139,550
27.25
CBS CORP. CL. B
124857202
3,802,737.50
CELG
4,240,063.78
296,400
46.21
CELGENE CORP
151020104
13,696,644.00
CVX
16,134,139.45
446,256
93.33
CHEVRON CORP.
166764100
41,649,072.48
CB
4,624,521.26
151,000
54.58
CHUBB CORP
171232101
8,241,580.00
CSCO
37,529,484.99
1,940,000
27.07
CISCO SYSTEMS
17275R102
52,515,800.00
C
25,961,329.06
920,600
29.44
CITIGROUP INC.
172967101
27,102,464.00
KO
15,959,646.64
351,300
61.37
COCA COLA CO.
191216100
21,559,281.00
CL
3,258,518.69
82,000
77.96
COLGATE PALMOLIVE
194162103
6,392,720.00
CMCSA
9,731,667.03
485,100
18.26
COMCAST CORP - CL A
20030N101
8,857,926.00
COP
6,902,359.70
285,262
88.30
CONOCOPHILLIPS
20825C104
25,188,634.60
GLW
2,168,086.34
110,200
23.99
CORNING INC
219350105
2,643,698.00
CFC
24,478,568.24
1,500,000
8.94
COUNTRYWIDE FINANCIAL CORP
222372104
13,410,000.00
CVH
4,256,235.42
118,500
59.25
COVENTRY HEALTH CARE INC.
222862104
7,021,125.00
COV
7,998,464.01
228,500
44.29
COVIDIEN LTD
G2552X108
10,120,265.00
CVS
1,112,852.07
81,496
39.75
CVS/CAREMARK CORP
126650100
3,239,466.00
DE
2,245,900.14
82,800
93.12
DEERE & CO.
244199105
7,710,336.00
DAL
6,938,074.84
350,000
14.89
DELTA AIR LINES INC
247361702
5,211,500.00
DVN
7,219,646.31
201,600
88.91
DEVON ENERGY CORPORATION
25179M103
17,924,256.00
DO
4,693,588.14
101,700
142.00
DIAMOND OFFSHORE DRILLING
25271C102
14,441,400.00
DIS
11,556,939.15
429,000
32.28
DISNEY (WALT) CO.
254687106
13,848,120.00
DOW
5,973,379.35
174,600
39.42
DOW CHEMICAL CO
260543103
6,882,732.00
DD
9,110,194.97
190,100
44.09
E I DUPONT DE NEM.
263534109
8,381,509.00
ETFC
3,505,166.19
1,000,000
3.55
E*TRADE GROUP INC.
269246104
3,550,000.00
EBAY
6,127,316.50
180,000
33.19
EBAY INC
278642103
5,974,200.00
Instrument:
COMMON STOCK
COM
EP
35,257,541.17
2,220,000
17.24
EL PASO CORP
28336L109
38,272,800.00
EDS
8,218,482.12
317,900
20.73
ELECTRONIC DATA SYSTEMS
285661104
6,590,067.00
LLY
3,457,109.22
70,600
53.39
ELI LILLY & COMPANY
532457108
3,769,334.00
EMC
7,435,010.40
529,100
18.53
EMC CORP
268648102
9,804,223.00
EMR
6,118,765.73
239,800
56.66
EMERSON ELECTRIC CO
291011104
13,587,068.00
EL
6,457,973.50
167,000
43.61
ESTEE LAUDER CO.
518439104
7,282,870.00
ESRX
1,898,869.67
102,800
73.00
EXPRESS SCRIPTS
302182100
7,504,400.00
XOM
25,539,737.88
964,800
93.69
EXXON MOBIL CORPORATION
30231G102
90,392,112.00
FNM
6,844,476.10
156,100
39.98
FED. NATL. MTG. ASSN.
313586109
6,240,878.00
FDX
2,581,471.22
49,100
89.17
FEDEX CORPORATION
31428X106
4,378,247.00
FRX
6,277,577.23
195,100
36.45
FOREST LABORATORIES INC.
345838106
7,111,395.00
FRE
4,172,971.55
85,200
34.07
FREDDIE MAC
313400301
2,902,764.00
FCX
12,581,340.11
258,327
102.44
FREEPORT MCMORAN CLASS B
35671D857
26,463,017.87
GPS
3,644,382.75
178,800
21.28
GAP INC
364760108
3,804,864.00
DNA
2,748,142.75
55,000
67.07
GENENTECH INC.
368710406
3,688,850.00
GE
35,263,254.23
1,512,300
37.07
GENERAL ELECTRIC CO
369604103
56,060,961.00
GIS
3,492,549.02
78,700
57.00
GENERAL MILLS INC
370334104
4,485,900.00
GILD
3,548,369.50
345,600
46.01
GILEAD SCIENCES INC.
375558103
15,901,056.00
GS
5,312,568.72
67,000
215.05
GOLDMAN SACHS GROUP INC
38141G104
14,408,350.00
GOOG
11,170,553.00
27,500
691.48
GOOGLE INC - CL A
38259P508
19,015,700.00
HAL
4,605,769.00
328,800
37.91
HALLIBURTON COMPANY
406216101
12,464,808.00
HIG
5,426,653.49
85,500
87.19
HARTFORD FINL SERVICES
416515104
7,454,745.00
HPQ
12,585,874.67
568,600
50.48
HEWLETT-PACKARD CO
428236103
28,702,928.00
HD
11,871,257.75
434,200
26.94
HOME DEPOT INC.
437076102
11,697,348.00
HON
10,780,745.71
273,900
61.57
HONEYWELL INTERNATIONAL INC
438516106
16,864,023.00
HUM
2,471,230.72
129,700
75.31
HUMANA INC.
444859102
9,767,707.00
INTC
24,584,196.58
1,156,500
26.66
INTEL CORP.
458140100
30,832,290.00
IBM
18,359,311.43
244,200
108.10
INTL BUS MACH CORP
459200101
26,398,020.00
JNS
2,585,491.40
155,000
32.85
JANUS CAPITAL GROUP INC
47102X105
5,091,750.00
JDSU
14,269,460.39
700,000
13.30
JDS UNIPHASE CORP
46612J507
9,310,000.00
Instrument:
COMMON STOCK
COM
JNJ
17,847,155.83
514,000
66.70
JOHNSON & JOHNSON
478160104
34,283,800.00
JPM
21,576,743.82
607,418
43.65
JPMORGAN CHASE & CO.
46625H100
26,513,795.68
KLAC
10,905,675.90
216,000
48.16
KLA-TENCOR CORP.
482480100
10,402,560.00
KFT
9,709,423.55
460,120
32.63
KRAFT FOODS INC - A
50075N104
15,013,715.60
LRCX
13,766,066.35
300,000
43.23
LAM RESEARCH CORP
512807108
12,969,000.00
LEH
2,309,558.98
84,200
65.44
LEHMAN BROTHERS HOLDING
524908100
5,510,048.00
LNC
4,366,767.84
105,400
58.22
LINCOLN NATIONAL CORP
534187109
6,136,388.00
LMT
2,592,034.51
58,400
105.26
LOCKHEED MARTIN CORPORATION
539830109
6,147,184.00
LOW
2,327,834.73
184,200
22.62
LOWE'S COS
548661107
4,166,604.00
LSI
16,487,116.93
1,681,000
5.31
LSI LOGIC CORP
502161102
8,926,110.00
MRO
16,912,590.16
500,000
60.86
MARATHON OIL CORP
565849106
30,430,000.00
MCD
5,359,305.40
179,656
58.91
MCDONALDS CORPORATION
580135101
10,583,534.96
MHP
6,748,482.00
130,000
43.81
MCGRAW HILL INC
580645109
5,695,300.00
MDT
5,427,023.44
181,100
50.27
MEDTRONIC INC
585055106
9,103,897.00
MRK
28,241,614.79
682,411
58.11
MERCK & CO INC
589331107
39,654,903.21
MER
13,804,175.64
278,600
53.68
MERRILL LYNCH & CO. INC.
590188108
14,955,248.00
MET
5,263,953.01
149,900
61.62
METLIFE INC
59156R108
9,236,838.00
MU
7,107,169.47
455,035
7.25
MICRON TECHNOLOGY INC
595112103
3,299,003.75
MSFT
36,483,017.21
1,447,100
35.60
MICROSOFT CORP.
594918104
51,516,760.00
MS
8,843,709.50
234,700
53.11
MORGAN STANLEY
617446448
12,464,917.00
MOT
7,530,427.61
429,100
16.04
MOTOROLA INC
620076109
6,882,764.00
NBR
37,503,916.85
1,200,000
27.39
NABORS INDUSTRIES LTD.
G6359F103
32,868,000.00
NEM
2,133,191.80
58,500
48.83
NEWMONT MNG. CORP. HLDG CO
651639106
2,856,555.00
NWS.A
9,185,350.92
495,280
20.49
NEWS CORP INC-CL A
65248E104
10,148,287.20
NSC
2,943,662.12
125,700
50.44
NORFOLK SOUTHERN CORP.
655844108
6,340,308.00
NT
76,475,590.46
2,500,000
15.09
NORTEL NETWORKS CORP.
656568508
37,725,000.00
NOC
5,804,662.51
122,100
78.64
NORTHROP GRUMMAN CORP.
666807102
9,601,944.00
NWA
7,027,618.95
350,000
14.51
NORTHWEST AIRLINES
667280408
5,078,500.00
OXY
6,641,898.08
266,800
76.99
OCCIDENTAL PETROLEUM CORP.
674599105
20,540,932.00
OCR
50,063,487.00
1,550,000
22.81
OMNICARE INC.
681904108
35,355,500.00
Instrument:
COMMON STOCK
COM
ORCL
6,909,198.14
693,900
22.58
ORACLE SYS. CORP.
68389X105
15,668,262.00
OSUR
13,393,666.44
1,600,000
8.89
ORASURE TECHNOLOGIES
68554V108
14,224,000.00
PH
5,719,142.85
157,050
75.31
PARKER-HANNIFIN CORP.
701094104
11,827,435.50
PEP
9,483,475.29
292,720
75.90
PEPSICO INC.
713448108
22,217,448.00
PFE
52,703,392.96
2,243,896
22.73
PFIZER INC.
717081103
51,003,756.08
PMCS
12,673,040.00
1,850,000
6.54
PMC-SIERRA INC
69344F106
12,099,000.00
PLCM
2,238,856.78
112,200
27.78
POLYCOM INC.
73172K104
3,116,916.00
PG
18,117,625.02
538,065
73.42
PROCTER & GAMBLE CO
742718109
39,504,732.30
PRU
4,404,884.62
112,000
93.04
PRUDENTIAL FINANCIAL INC
744320102
10,420,480.00
QCOM
5,173,289.57
227,200
39.35
QUALCOMM INC
747525103
8,940,320.00
Q
22,075,918.95
3,310,000
7.01
QWEST COMMUNICATIONS INTL.
749121109
23,203,100.00
RTN
2,389,882.05
67,600
60.70
RAYTHEON COMPANY
755111507
4,103,320.00
COL
2,277,308.70
68,800
71.97
ROCKWELL COLLINS
774341101
4,951,536.00
SGP
8,295,412.31
417,600
26.64
SCHERING-PLOUGH
806605101
11,124,864.00
SHLD
2,695,564.83
31,540
102.05
SEARS HOLDINGS CORP
812350106
3,218,657.00
SII
8,589,009.50
230,000
73.85
SMITH INTERNATIONAL INC
832110100
16,985,500.00
S
18,227,236.78
900,892
13.13
SPRINT NEXTEL CORP
852061100
11,828,711.96
STJ
1,875,316.95
104,200
40.64
ST JUDE MED. INC.
790849103
4,234,688.00
SPLS
2,817,637.48
201,450
23.07
STAPLES INC
855030102
4,647,451.50
SYK
1,258,902.89
43,100
74.72
STRYKER CORP.
863667101
3,220,432.00
JAVA
37,529,635.15
1,500,000
18.13
SUN MICROSYSTEMS INC.
866810203
27,194,999.99
SUN
11,028,002.10
197,200
72.44
SUNOCO, INC.
86764P109
14,285,168.00
TGT
3,081,155.52
104,900
50.00
TARGET CORP
87612E106
5,245,000.00
THC
5,401,148.37
660,000
5.08
TENET HEALTHCARE CORP
88033G100
3,352,800.00
TXN
12,465,238.17
447,600
33.40
TEXAS INSTRS INC
882508104
14,949,840.00
TXT
1,480,578.00
40,000
71.30
TEXTRON INC.
883203101
2,852,000.00
BK
14,352,705.16
430,851
48.76
THE BANK OF NEW YORK MELLON CORP
064058100
21,008,294.76
DTV
3,552,720.00
142,000
23.12
THE DIRECTV GROUP INC
25459L106
3,283,040.00
TWX
20,511,100.74
678,300
16.51
TIME WARNER INC.
887317105
11,198,733.00
TRV
12,715,985.27
311,000
53.80
TRAVELERS COS INC
89417E109
16,731,800.00
Instrument:
COMMON STOCK
COM
TEL
7,248,723.99
228,500
37.13
TYCO ELECTRONICS
G9144P105
8,484,205.00
TYC
9,835,698.20
228,500
39.65
TYCO INTERNATIONAL LTD
G9143X208
9,060,025.00
UPS
3,959,596.57
59,200
70.72
UNITED PARCEL SERVICES INC
911312106
4,186,624.00
UTX
5,594,074.30
156,200
76.54
UNITED TECHNOLOGIES
913017109
11,955,548.00
UNH
3,008,969.91
172,980
58.20
UNITEDHEALTH GROUP INC
91324P102
10,067,436.00
LCC
51,155,134.40
2,000,000
14.71
US AIRWAYS GROUP INC
90341W108
29,420,000.00
USB
7,151,546.59
297,700
31.74
US BANCORP
902973304
9,448,998.00
VZ
18,901,904.22
531,300
43.69
VERIZON COMMUNICATIONS
92343V104
23,212,497.00
VIA.B
6,515,347.56
139,550
43.92
VIACOM INC. CL B
92553P201
6,129,036.00
WB
15,818,753.98
429,411
38.03
WACHOVIA CORP.
929903102
16,330,500.34
WMT
12,823,311.35
392,000
47.53
WAL MART STORES INC
931142103
18,631,760.00
WAG
2,444,039.13
109,400
38.08
WALGREEN CO.
931422109
4,165,952.00
WM
15,843,045.00
700,000
13.61
WASHINGTON MUTUAL INC.
939322103
9,527,000.00
WMI
6,613,995.63
187,471
32.67
WASTE MANAGEMENT INC.
94106L109
6,124,677.57
WLP
2,555,271.68
73,800
87.73
WELLPOINT INC.
94973V107
6,474,474.00
WFC
6,278,329.18
407,600
30.19
WELLS FARGO COMPANY
949746101
12,305,444.00
WYE
14,827,617.56
376,500
44.19
WYETH
983024100
16,637,535.00
XLNX
5,414,960.00
192,000
21.87
XILINX INC
983919101
4,199,040.00
XMSR
2,347,180.00
220,000
12.24
XM SATELLITE RADIO HOLD-CL A
983759101
2,692,800.00
YHOO
4,878,620.00
200,000
23.26
YAHOO INC
984332106
4,652,000.00
YUM
2,118,903.69
163,800
38.27
YUM BRANDS, INC.
988498101
6,268,626.00
COMMON STOCK  TOTAL
1,782,301,378.93
2,334,570,288.60
73,924,793
LARGE-CAP GROWTH (F) TOTAL
1,782,301,378.93
2,334,570,288.60
73,924,793