Instrument:
Unassigned
ASHFORD INC
14,383.28
23.56
044104107
7,916.00
336.00
Unassigned  TOTAL
14,383.28
7,916.00
336.00
Instrument:
Residential
AMERICAN CAMPUS COMMUNITIES
6,019,910.64
48.04
024835100
7,619,048.00
158,598.00
APARTMENT INVT & MGMT
5,345,866.51
53.77
03748R754
9,217,092.00
171,417.00
AVALONBAY COMMUNITIES
21,403,528.23
214.41
053484101
34,671,598.00
161,707.00
BLUEROCK RESIDENTIAL GROWTH
296,281.01
12.26
09627J102
319,238.00
26,039.00
BRT APARTMENTS CORP
134,253.36
18.36
055645303
206,440.00
11,244.00
CAMDEN PROPERTY TRUST
7,076,408.97
111.55
133131102
12,085,215.00
108,339.00
CLIPPER REALTY INC
205,126.04
8.95
18885T306
148,847.00
16,631.00
EQUITY LIFESTYLE PROPERTIES
4,762,562.06
74.08
29472R108
14,904,155.00
201,190.00
EQUITY RESIDENTIAL PROP
20,837,536.29
85.10
29476L107
36,155,331.00
424,857.00
ESSEX PROPERTY TRUST INC.
12,833,512.60
312.18
297178105
23,719,436.00
75,980.00
FRONT YARD RESIDENTIAL CORP
695,204.45
11.60
35904G107
663,021.00
57,157.00
INVITATION HOMES INC
14,409,050.40
30.53
46187W107
18,945,880.00
620,566.00
MID-AMERICAN APARTMENT
9,140,441.71
136.11
59522J103
17,944,062.00
131,835.00
NEXPOINT RESIDENTIAL
421,693.43
47.85
65341D102
1,045,092.00
21,841.00
PREFERRED APARTMENT
751,700.44
13.77
74039L103
705,905.00
51,264.00
SUN COMMUNITIES INC
6,914,732.18
164.71
866674104
16,927,741.00
102,773.00
UDR INC
9,021,033.27
48.05
902653104
16,181,847.00
336,771.00
UMH PROPERTIES INC
464,497.18
15.61
903002103
645,770.00
41,369.00
Residential  TOTAL
120,733,338.77
212,105,718.00
2,719,578.00
Instrument:
Office / Industrial
ALEXANDRIA REAL ESTATE
12,073,011.35
162.52
015271109
21,063,080.00
129,603.00
AMERICOLD REALTY TRUST
5,932,848.89
37.62
03064D108
8,361,045.00
222,250.00
BOSTON PROPERTIES INC
16,930,470.79
138.54
101121101
24,875,273.00
179,553.00
BRANDYWINE REALTY
2,760,177.34
15.43
105368203
3,119,313.00
202,159.00
CITY OFFICE REIT INC
557,737.34
13.43
178587101
600,872.00
44,741.00
COLUMBIA PROPERTY TRUST INC
3,195,073.42
20.76
198287203
2,803,596.00
135,048.00
CORPORATE OFFICE PROPERTY
3,349,620.35
29.18
22002T108
3,791,357.00
129,930.00
DOUGLAS EMMETT INC
5,105,840.22
44.07
25960P109
8,480,346.00
192,429.00
Instrument:
Office / Industrial
DUKE RE CORPORATION
7,210,327.12
35.18
264411505
14,677,940.00
417,224.00
EASTERLY GOVERNMENT
1,735,558.91
23.26
27616P103
2,112,985.00
90,842.00
EASTGROUP PROPERTY INC
2,642,045.57
136.19
277276101
5,833,290.00
42,832.00
EMPIRE STATE REALTY TRUST-A
2,879,399.16
13.96
292104106
2,394,670.00
171,538.00
FIRST INDUSTRIAL RE
2,994,846.60
42.58
32054K103
6,198,200.00
145,566.00
FRANKLIN STREET PPTYS CO
1,428,201.91
8.71
35471R106
1,043,554.00
119,811.00
GLADSTONE COMMERCIAL CORP
652,210.54
22.78
376536108
805,706.00
35,369.00
HEALTHCARE TRUST OF AMERICA
6,031,569.53
30.35
42225P501
7,174,254.00
236,384.00
HIGHWOODS PROP INC.
4,588,682.17
48.55
431284108
5,748,854.00
118,411.00
HUDSON PACIFIC PROPERTIES
5,118,282.98
35.80
444097109
6,308,282.00
176,209.00
INDUSTRIAL LOGISTICS PROPERT
1,806,820.38
21.64
456237106
1,618,953.00
74,813.00
KILROY RE CORP
6,187,388.20
83.24
49427F108
9,560,447.00
114,854.00
LIBERTY PROPERTY TRUST
6,552,360.39
61.62
531172104
11,134,426.00
180,695.00
MACK-CALI RE CORP.
2,077,748.93
21.39
554489104
2,138,636.00
99,983.00
MONMOUTH REIT  -CL A
1,234,653.03
15.33
609720107
1,634,929.00
106,649.00
OFFICE PROPERTIES INCOME
3,306,547.70
33.36
67623C109
1,836,968.00
55,065.00
PARAMOUNT GROUP INC
4,157,566.33
13.59
69924R108
3,175,045.00
233,631.00
PHYSICIANS REALTY TRUST
3,610,712.42
19.19
71943U104
4,113,089.00
214,335.00
PIEDMONT OFFICE REALTY TRUST
2,651,931.90
22.12
720190206
3,197,358.00
144,546.00
PROLOGIS INC.
31,308,633.06
91.55
74340W103
66,802,570.00
729,684.00
PS BUSINESS PARKS INC/CA
1,893,957.02
176.59
69360J107
4,079,759.00
23,103.00
REXFORD INDUSTRIAL REALTY
2,781,776.19
47.86
76169C100
6,052,376.00
126,460.00
SL GREEN RE CORP
7,444,185.55
85.33
78440X101
8,132,546.00
95,307.00
STAG INDUSTRIAL INC
3,491,120.76
30.99
85254J102
4,578,680.00
147,747.00
TERRENO REALTY CORP
1,830,095.83
57.72
88146M101
4,299,390.00
74,487.00
Office / Industrial  TOTAL
165,521,401.88
257,747,789.00
5,211,258.00
Instrument:
Retail
ACADIA RLTY TR
2,578,440.34
26.88
004239109
2,577,711.00
95,897.00
AGREE REALTY CORP
2,034,944.07
74.78
008492100
3,541,730.00
47,362.00
ALEXANDERS INC
858,308.33
326.36
014752109
803,172.00
2,461.00
BRIXMOR PROPERTY GROUP INC
8,023,637.88
21.94
11120U105
7,555,193.00
344,357.00
Instrument:
Retail
CBL & ASSOC PROP
3,104,018.37
1.44
124830100
281,746.00
195,657.00
CEDAR REALTY TRUST INC
524,671.85
2.67
150602209
264,258.00
98,973.00
ESSENTIAL PROPERTIES REALTY
1,533,752.60
26.09
29670E107
2,289,241.00
87,744.00
FEDERAL REALTY INV.
8,642,078.83
132.07
313747206
11,439,507.00
86,617.00
FOUR CORNERS PROPERTY
1,671,946.45
28.32
35086T109
2,239,177.00
79,067.00
GETTY RLTY CORP
835,849.06
33.56
374297109
1,292,631.00
38,517.00
INDEPENDENCE REALTY TRUST
931,919.01
14.94
45378A106
1,551,713.00
103,863.00
KIMCO REALTY CORP
8,968,118.56
21.62
49446R109
10,127,457.00
468,430.00
KITE REALTY GROUP TRUST
2,191,050.95
19.35
49803T300
1,850,653.00
95,641.00
MACERICH CO
8,954,896.36
26.93
554382101
4,413,908.00
163,903.00
NATIONAL RETAIL PROPERTIES
6,556,119.04
55.74
637417106
10,482,910.00
188,068.00
PENNSYLVANIA RI
1,332,740.38
5.76
709102107
461,583.00
80,136.00
REALTY INCOME CORP
17,001,413.12
76.63
756109104
28,328,119.00
369,674.00
REGENCY CENTERS CORP
10,382,616.70
65.04
758849103
12,554,216.00
193,023.00
RETAIL OPPORTUNITY
2,000,500.06
18.24
76131N101
2,370,872.00
129,982.00
RETAIL PROPERTIES OF AMERICA
3,299,530.86
14.23
76131V202
3,516,575.00
247,124.00
RETAIL VALUE INC
824,289.32
35.51
76133Q102
611,376.00
17,217.00
RPT REALTY
1,250,000.12
14.78
74971D101
1,332,343.00
90,145.00
SAUL CENTERS INC
656,548.78
53.14
804395101
728,868.00
13,716.00
SIMON PROP GROUP INC.
40,984,515.25
151.21
828806109
54,005,408.00
357,155.00
SITE CENTERS CORP
3,689,425.87
14.49
82981J109
2,348,525.00
162,079.00
SPIRIT REALTY CAPITAL INC.
4,509,949.07
52.40
84860W300
5,446,508.00
103,941.00
STORE CAPITAL CORP
6,123,578.52
40.71
862121100
9,955,101.00
244,537.00
TANGER FACTORY OUTLET
2,857,742.66
15.22
875465106
1,605,269.00
105,471.00
TAUBMAN CENTERS INC
4,058,073.54
32.48
876664103
2,201,040.00
67,766.00
URBAN EDGE PROPERTIES
2,314,036.31
20.73
91704F104
2,754,395.00
132,870.00
URSTADT BIDDLE PPTYS
698,268.91
24.37
917286205
831,870.00
34,135.00
VEREIT INC
13,235,646.50
9.76
92339V100
11,963,486.00
1,225,767.00
WASHINGTON PRIME GROUP INC
2,286,849.09
4.16
93964W108
897,112.00
215,652.00
WEINGARTEN RE INVST
3,752,187.95
31.84
948741103
4,469,476.00
140,373.00
Retail  TOTAL
178,667,664.71
207,093,149.00
6,027,320.00
Instrument:
Diversified
ALEXANDER & BALDWIN INC.
1,691,789.82
21.68
014491104
1,717,099.00
79,202.00
AMERICAN ASSETS TRUST INC
1,992,584.30
47.53
024013104
2,651,794.00
55,792.00
AMERICAN HOMES 4 RENT-A
5,455,830.66
26.71
02665T306
7,967,059.00
298,280.00
ARMADA HOFFLER PROPERTIES
729,262.93
18.06
04208T108
1,097,145.00
60,750.00
COLONY CAPITAL INC
7,207,756.88
4.88
19626G108
2,705,648.00
554,436.00
CORECIVIC INC
4,260,820.15
15.15
21871N101
2,083,413.00
137,519.00
COREPOINT LODGING INC
908,906.46
10.11
21872L104
466,647.00
46,157.00
CORESITE REALTY CORP
2,542,515.30
113.39
21870Q105
4,824,291.00
42,546.00
COUSINS PROPERTIES INC
4,472,899.39
40.49
222795502
6,840,378.00
168,939.94
CYRUSONE INC.
5,239,653.75
62.30
23283R100
8,089,717.00
129,851.00
DIGITAL REALTY TRUST INC
16,136,387.98
120.95
253868103
29,185,235.00
241,300.00
EPR PROPERTIES
4,686,403.54
70.92
26884U109
6,331,738.00
89,280.00
EQUINIX INC
28,484,984.72
566.85
29444U700
55,219,126.00
97,414.00
GAMING AND LEISURE
7,792,496.54
42.20
36467J108
9,907,674.00
234,779.00
GLOBAL NET LEASE INC
2,195,032.99
20.39
379378201
1,986,210.00
97,411.00
INVESTORS REAL ESTATE TRUST
1,043,799.16
77.32
461730509
1,039,645.00
13,446.00
IRON MTN INC PA
12,163,725.73
32.12
46284V101
10,623,722.00
330,751.00
JBG SMITH PROPERTIES
4,497,809.34
39.88
46590V100
5,653,867.00
141,772.00
LAMAR ADVERTISING CO-A
6,057,026.33
83.43
512816109
8,235,876.00
98,716.00
LEXINGTON CORP PPTYS
2,603,699.79
11.08
529043101
2,929,984.00
264,439.00
ONE LIBERTY PROPERTIES INC
405,107.80
27.31
682406103
490,160.00
17,948.00
OUTFRONT MEDIA INC
4,652,753.21
24.98
69007J106
4,138,961.00
165,691.00
QTS REALTY TRUST INC-CLASS A
2,503,437.34
53.07
74736A103
3,352,538.00
63,172.00
SAFEHOLD INC
267,463.83
40.85
78645L100
501,842.00
12,285.00
THE GEO GROUP INC
3,246,659.36
13.86
36162J106
1,904,101.00
137,381.00
VORNADO REALTY TRUST
12,368,764.11
64.57
929042109
12,954,098.00
200,621.00
WASHINGTON RE INV
2,550,857.65
31.07
939653101
2,876,740.00
92,589.00
WHITESTONE REIT-B
575,898.63
14.04
966084204
620,919.00
44,225.00
WP CAREY INC
12,805,068.77
83.42
92936U109
16,369,173.00
196,226.00
Diversified  TOTAL
159,539,396.46
212,764,800.00
4,112,918.94
Instrument:
Health Care
Instrument:
Health Care
CARETRUST REIT INC.
1,655,350.32
20.88
14174T107
2,301,164.00
110,209.00
COMMUNITY HEALTHCARE TRUST
473,032.74
47.60
20369C106
1,013,832.00
21,299.00
GLOBAL MEDICAL REIT INC
362,256.81
13.92
37954A204
506,340.00
36,375.00
HEALTHCARE RLTY TR
3,924,946.72
33.19
421946104
4,902,130.00
147,699.00
HEALTHPEAK PROPERTIES INC
18,202,160.50
34.88
42250P103
19,916,759.00
571,008.00
LTC PROPERTIES INC
1,755,694.69
46.81
502175102
2,127,140.00
45,442.00
MEDICAL PROPERTIES TRUST INC
8,277,828.11
20.76
58463J304
11,860,105.00
571,296.00
NATIONAL HEALTH INVESTORS
2,819,572.16
80.99
63633D104
3,913,356.00
48,319.00
NEW SENIOR INVESTMENT GROUP
1,366,667.10
7.85
648691103
758,538.00
96,629.00
OMEGA HEALTHCARE INV
7,923,377.85
42.03
681936100
10,419,951.00
247,917.00
SABRA HEALTHCARE REIT INC
4,857,954.95
22.28
78573L106
4,859,067.00
218,091.00
SENIOR HOUSING PROP TRUST
5,396,167.83
7.32
81721M109
2,000,212.00
273,253.00
UNIVERSAL HEALTH RLT
712,408.98
119.20
91359E105
1,764,041.00
14,799.00
VENTAS INC.
20,190,466.84
58.31
92276F100
25,217,034.00
432,465.00
WELLTOWER INC
26,819,899.88
84.57
95040Q104
39,809,636.00
470,730.00
Health Care  TOTAL
104,737,785.48
131,369,305.00
3,305,531.00
Instrument:
Storage
CUBESMART
4,063,327.26
30.84
229663109
6,873,496.00
222,876.00
EXTRA SPACE STORAGE INC
6,740,812.38
106.05
30225T102
15,218,069.00
143,499.00
LIFE STORAGE INC
4,262,405.22
109.52
53223X107
5,896,995.00
53,844.00
NATIONAL STORAGE AFFILIATES
1,421,020.09
33.50
637870106
2,294,549.00
68,494.00
PUBLIC STORAGE INC
22,943,009.67
210.68
74460D109
36,235,696.00
171,994.00
Storage  TOTAL
39,430,574.62
66,518,805.00
660,707.00
Instrument:
Hotels
AMERICAN FINANCE TRUST INC
1,760,194.21
14.79
02607T109
1,825,101.00
123,401.00
APPLE HOSPITALITY REIT INC
4,537,344.71
16.26
03784Y200
3,961,473.00
243,633.00
ASHFORD HOSPITALITY TRUST
779,807.56
2.75
044103109
285,725.00
103,900.00
BRAEMAR HOTELS & RESORTS INC
478,221.38
9.81
10482B101
340,034.00
34,662.00
CHATHAM LODGING TRUST
1,123,432.81
18.30
16208T102
969,296.00
52,967.00
DIAMONDROCK HOSPITALITY
2,337,483.36
10.30
252784301
2,394,307.00
232,457.00
HERSHA HOSPITALITY TRUST
797,446.55
14.18
427825500
571,071.00
40,273.00
Instrument:
Hotels
HOST HOTELS & RESORTS INC
14,520,686.80
17.49
44107P104
14,690,970.00
839,964.00
PARK HOTELS & RESORTS INC
7,428,708.83
23.65
700517105
6,544,428.00
276,720.00
PEBBLEBROOK HOTEL TRUST
4,577,943.77
26.20
70509V100
3,933,249.00
150,124.00
RLJ LODGING TRUST
4,364,786.81
17.09
74965L101
3,396,825.00
198,761.00
RYMAN HOSPITALITY PROPERTIES
2,668,771.71
89.23
78377T107
4,726,781.00
52,973.00
SERVICE PROPERTIES TRUST
4,843,415.25
23.29
81761L102
4,399,737.00
188,911.00
SUMMIT HOTEL PROPERTIES INC
1,333,295.92
12.12
866082100
1,448,231.00
119,491.00
SUNSTONE HOTEL INVESTORS INC
3,153,824.46
14.00
867892101
3,627,736.00
259,124.00
XENIA HOTELS & RESORTS INC
3,036,417.98
21.06
984017103
2,755,554.00
130,843.00
Hotels  TOTAL
57,741,782.11
55,870,518.00
3,048,204.00
Instrument:
Specialty
FARMLAND PARTNERS INC
328,040.61
6.67
31154R109
210,605.00
31,575.00
GLADSTONE LAND CORP
249,392.74
12.68
376549101
269,070.00
21,220.00
VICI PROPERTIES INC
11,142,172.16
24.73
925652109
13,253,326.00
535,921.00
Specialty  TOTAL
11,719,605.51
13,733,001.00
588,716.00
Instrument:
Retail
BROOKFIELD PROPERTY REIT INC
1,569,721.78
19.02
11282X103
1,627,465.00
85,566.00
Retail  TOTAL
1,569,721.78
1,627,465.00
85,566.00
REITS TOTAL
839,675,654.60
1,158,838,466.00
25,760,134.94