Instrument:
COMMON STOCK
COM
MMM
42,044,128.84
748,500
57.54
3M COMPANY
88579Y101
43,068,690.00
ABT
52,815,632.99
1,640,100
53.37
ABBOTT LABORATORIES
002824100
87,532,137.00
ACN
27,062,038.04
634,700
32.79
ACCENTURE LTD - CL A
G1150G111
20,811,813.00
ADBE
12,542,709.51
565,200
21.29
ADOBE SYSTEMS INC.
00724F101
12,033,108.00
AET
6,152,666.01
515,200
28.50
AETNA INC.
00817Y108
14,683,200.00
AFL
15,369,744.36
505,100
45.84
AFLAC INC
001055102
23,153,784.00
APD
22,076,607.17
223,900
50.27
AIR PROD. & CHEM.
009158106
11,255,453.00
AA
24,151,378.10
866,200
11.26
ALCOA INC.
013817101
9,753,412.00
ALL
20,910,714.22
585,300
32.76
ALLSTATE CORP
020002101
19,174,428.00
MO
18,370,637.08
2,225,700
15.06
ALTRIA GROUP INC
02209S103
33,519,042.00
AMZN
23,107,384.98
334,700
51.28
AMAZON COM INC
023135106
17,163,416.00
AXP
34,945,200.61
1,069,800
18.55
AMERICAN EXPRESS CO.
025816109
19,844,790.00
AIG
115,091,493.08
2,468,800
1.57
AMERICAN INTL GROUP
026874107
3,876,016.00
AMGN
40,738,409.40
1,157,000
57.75
AMGEN INC
031162100
66,816,750.00
APC
12,943,429.62
497,500
38.55
ANADARKO PETROLEUM CORP
032511107
19,178,625.00
APA
13,666,804.16
354,500
74.53
APACHE CORP.
037411105
26,420,885.00
AAPL
28,307,957.53
936,900
85.35
APPLE INC.
037833100
79,964,415.00
AMAT
28,499,228.81
1,438,500
10.13
APPLIED MATERIALS INC.
038222105
14,572,005.00
ADM
26,963,456.38
684,300
28.83
ARCHER DANIELS MIDLAND CO
039483102
19,728,369.00
T
183,664,189.21
6,313,600
28.50
AT&T INC
00206R102
179,937,600.00
ADP
17,772,067.87
550,900
39.34
AUTOMATIC DATA PROC.
053015103
21,672,406.00
BHI
10,862,503.76
327,300
32.07
BAKER HUGHES CORP
057224107
10,496,511.00
BAC
212,196,421.34
6,728,030
14.08
BANK OF AMERICA CORP.
060505104
94,730,657.48
BAX
18,446,226.31
666,700
53.59
BAXTER INTL
071813109
35,728,453.00
BBT
19,834,840.77
581,100
27.46
BB&T CORPORATION
054937107
15,957,006.00
BDX
9,131,143.89
259,400
68.39
BECTON DICKINSON & COMPANY
075887109
17,740,366.00
BBY
10,212,134.49
354,900
28.11
BEST BUY COMPANY INC
086516101
9,976,239.00
BIIB
14,329,125.46
308,500
47.63
BIOGEN IDEC INC
09062X103
14,693,855.00
BLK
3,284,943.25
18,500
134.15
BLACKROCK INC
09247X101
2,481,775.00
BA
34,742,059.56
798,600
42.67
BOEING CO
097023105
34,076,262.00
Instrument:
COMMON STOCK
COM
BSX
26,516,327.93
1,590,100
7.74
BOSTON SCIENTIFIC CORP.
101137107
12,307,374.00
BMY
60,146,039.31
2,103,700
23.25
BRISTOL-MYERS SQUIBB
110122108
48,911,025.00
BNI
13,967,970.00
299,100
75.71
BURLINGTON NORTHERN SANTA FE
12189T104
22,644,861.00
COF
25,872,530.60
398,700
31.89
CAPITAL ONE FINANCIAL CORP.
14040H105
12,714,543.00
CAH
17,975,510.30
379,200
34.47
CARDINAL HEALTH INC.
14149Y108
13,071,024.00
CCL
22,864,455.00
463,500
24.32
CARNIVAL CORP
143658300
11,272,320.00
CAT
21,591,241.37
653,700
44.67
CATERPILLAR INC.
149123101
29,200,779.00
CELG
16,644,468.59
486,900
55.28
CELGENE CORP
151020104
26,915,832.00
CHK
38,747,295.96
613,100
16.17
CHESAPEAKE ENERGY CORP
165167107
9,913,827.00
CVX
84,305,352.37
2,198,100
73.97
CHEVRON CORP.
166764100
162,593,457.00
CB
12,303,867.55
388,400
51.00
CHUBB CORP
171232101
19,808,400.00
CSCO
130,236,563.14
6,277,600
16.30
CISCO SYSTEMS
17275R102
102,324,880.00
C
147,450,952.97
5,785,600
6.71
CITIGROUP INC.
172967101
38,821,376.00
CME
26,062,564.14
71,300
208.11
CME GROUP INC
12572Q105
14,838,243.00
KO
114,765,037.67
2,468,500
45.27
COCA COLA CO.
191216100
111,748,995.00
CL
21,446,616.30
539,700
68.54
COLGATE PALMOLIVE
194162103
36,991,038.00
CMCSA
59,788,333.29
2,979,800
16.88
COMCAST CORP - CL A
20030N101
50,299,024.00
COP
40,661,430.87
1,639,200
51.80
CONOCOPHILLIPS
20825C104
84,910,560.00
GLW
25,361,829.73
1,673,700
9.53
CORNING INC
219350105
15,950,361.00
COST
17,888,519.82
460,400
52.50
COSTCO WHOLESALE CORP.
22160K105
24,171,000.00
COV
23,179,786.80
530,900
36.24
COVIDIEN LTD
G2552X108
19,239,816.00
CSX
26,721,080.76
430,100
32.47
CSX CORP.
126408103
13,965,347.00
CVS
23,386,995.62
1,519,000
28.74
CVS/CAREMARK CORP
126650100
43,656,060.00
DHR
10,371,855.11
271,700
56.61
DANAHER CORP
235851102
15,380,937.00
DE
12,422,974.26
458,000
38.32
DEERE & CO.
244199105
17,550,560.00
DELL
49,037,372.57
1,929,500
10.24
DELL INC
24702R101
19,758,080.00
DVN
13,907,389.91
474,100
65.71
DEVON ENERGY CORPORATION
25179M103
31,153,111.00
DIS
55,084,045.03
2,024,700
22.69
DISNEY (WALT) CO.
254687106
45,940,443.00
D
19,684,352.22
614,200
35.84
DOMINION RESOURCES INC-VA
25746U109
22,012,928.00
DOW
33,831,886.67
988,800
15.09
DOW CHEMICAL CO
260543103
14,920,992.00
Instrument:
COMMON STOCK
COM
DUK
20,348,500.17
1,343,900
15.01
DUKE ENERGY CORPORATION
26441C105
20,171,939.00
DD
45,872,060.12
957,200
25.30
E I DUPONT DE NEM.
263534109
24,217,160.00
EBAY
33,445,828.05
1,179,200
13.96
EBAY INC
278642103
16,461,632.00
LLY
52,002,714.52
1,062,100
40.27
ELI LILLY & COMPANY
532457108
42,770,767.00
EMC
30,871,242.38
2,196,900
10.47
EMC CORP
268648102
23,001,543.00
EMR
21,170,725.31
829,700
36.61
EMERSON ELECTRIC CO
291011104
30,375,317.00
ETR
19,715,595.20
203,500
83.13
ENTERGY CORP.
29364G103
16,916,955.00
EOG
16,114,690.61
263,900
66.58
EOG RESOURCES INC
26875P101
17,570,462.00
EXC
22,367,304.06
697,100
55.61
EXELON CORP
30161N101
38,765,731.00
XOM
148,787,348.70
5,615,000
79.83
EXXON MOBIL CORPORATION
30231G102
448,245,450.00
FNM
52,641,436.48
1,131,100
0.76
FED. NATL. MTG. ASSN.
313586109
859,636.00
FDX
17,345,915.18
329,500
64.15
FEDEX CORPORATION
31428X106
21,137,425.00
FE
10,803,443.51
324,000
48.58
FIRST ENERGY CORP.
337932107
15,739,920.00
FSLR
12,644,348.00
47,500
137.96
FIRST SOLAR INC
336433107
6,553,100.00
FPL
17,884,978.94
433,700
50.33
FPL GROUP INC.
302571104
21,828,121.00
BEN
7,652,185.58
163,800
63.78
FRANKLIN RESOURCES INC
354613101
10,447,164.00
FRE
33,662,950.17
687,300
0.73
FREDDIE MAC
313400301
501,729.00
FCX
33,762,248.68
407,300
24.44
FREEPORT MCMORAN CLASS B
35671D857
9,954,412.00
DNA
20,614,612.35
493,600
82.91
GENENTECH INC.
368710406
40,924,376.00
GD
17,705,185.00
423,500
57.59
GENERAL DYNAMICS CORP.
369550108
24,389,365.00
GE
256,833,969.85
11,181,900
16.20
GENERAL ELECTRIC CO
369604103
181,146,780.00
GIS
16,384,150.72
356,000
60.75
GENERAL MILLS INC
370334104
21,627,000.00
GENZ
11,141,462.81
284,100
66.37
GENZYME CORP. GEN. DIV.
372917104
18,855,717.00
GILD
10,554,684.78
980,300
51.14
GILEAD SCIENCES INC.
375558103
50,132,542.00
GS
43,861,217.60
469,900
84.39
GOLDMAN SACHS GROUP INC
38141G104
39,654,861.00
GOOG
82,898,340.51
251,700
307.65
GOOGLE INC - CL A
38259P508
77,435,505.00
HAL
16,503,844.51
927,100
18.18
HALLIBURTON COMPANY
406216101
16,854,678.00
HIG
16,631,888.06
334,400
16.42
HARTFORD FINL SERVICES
416515104
5,490,848.00
HES
37,970,641.94
298,900
53.64
HESS CORP.
42809H107
16,032,996.00
HPQ
57,991,088.75
2,619,900
36.29
HEWLETT-PACKARD CO
428236103
95,076,171.00
Instrument:
COMMON STOCK
COM
HD
49,103,590.29
1,796,000
23.02
HOME DEPOT INC.
437076102
41,343,920.00
HON
30,880,751.41
788,000
32.83
HONEYWELL INTERNATIONAL INC
438516106
25,870,040.00
ITW
16,544,865.15
498,300
35.05
ILLINOIS TOOL WORKS
452308109
17,465,415.00
INTC
129,433,871.74
6,087,200
14.66
INTEL CORP.
458140100
89,238,352.00
IBM
109,797,634.75
1,459,600
84.16
INTL BUS MACH CORP
459200101
122,839,936.00
JNJ
103,989,196.47
2,994,900
59.83
JOHNSON & JOHNSON
478160104
179,184,867.00
JCI
17,282,644.00
630,600
18.16
JOHNSON CONTROLS
478366107
11,451,696.00
JPM
151,538,056.31
3,936,200
31.53
JPMORGAN CHASE & CO.
46625H100
124,108,386.00
K
9,401,901.56
265,700
43.85
KELLOGG CO.
487836108
11,650,945.00
KMB
23,389,807.52
444,700
52.74
KIMBERLY-CLARK CORP
494368103
23,453,478.00
KFT
23,841,779.72
1,562,100
26.85
KRAFT FOODS INC - A
50075N104
41,942,385.00
KR
20,432,309.00
701,900
26.41
KROGER CO.
501044101
18,537,179.00
LVS
9,124,903.69
175,300
5.93
LAS VEGAS SANDS CORP
517834107
1,039,529.00
LMT
15,512,261.33
349,500
84.08
LOCKHEED MARTIN CORPORATION
539830109
29,385,960.00
L
8,730,675.26
333,600
28.25
LOEWS CORP
540424108
9,424,200.00
LOW
19,634,944.61
1,553,700
21.52
LOWE'S COS
548661107
33,435,624.00
MRO
21,668,680.96
752,300
27.36
MARATHON OIL CORP
565849106
20,582,928.00
MA
20,972,592.04
77,200
142.93
MASTERCARD INC-CLASS A
57636Q104
11,034,196.00
MCD
35,934,337.20
1,204,600
62.19
MCDONALDS CORPORATION
580135101
74,914,074.00
MCK
13,990,599.51
294,700
38.73
MCKESSON CORP
58155Q103
11,413,731.00
MHS
12,545,517.45
538,400
41.91
MEDCO HEALTH SOLUTIONS INC
58405U102
22,564,344.00
MDT
35,765,612.71
1,193,500
31.42
MEDTRONIC INC
585055106
37,499,770.00
MRK
98,675,422.05
2,281,100
30.40
MERCK & CO INC
589331107
69,345,440.00
MET
19,682,132.16
536,400
34.86
METLIFE INC
59156R108
18,698,904.00
MSFT
215,103,671.55
8,531,500
19.44
MICROSOFT CORP.
594918104
165,852,360.00
MON
19,340,774.98
583,200
70.35
MONSANTO COMPANY
61166W101
41,028,120.00
MS
44,953,912.42
1,176,600
16.04
MORGAN STANLEY
617446448
18,872,664.00
MOS
24,444,816.00
165,000
34.60
MOSAIC COMPANY
61945A107
5,709,000.00
MOT
42,808,304.55
2,396,700
4.43
MOTOROLA INC
620076109
10,617,381.00
NOV
38,998,682.76
441,200
24.44
NATIONAL OILWELL VARCO INC
637071101
10,782,928.00
Instrument:
COMMON STOCK
COM
NEM
17,119,684.13
464,000
40.70
NEWMONT MNG. CORP. HLDG CO
651639106
18,884,800.00
NWSA
41,602,642.65
2,461,300
9.09
NEWS CORP INC-CL A
65248E104
22,373,217.00
NKE
12,504,138.13
376,000
51.00
NIKE INC. -CL B
654106103
19,176,000.00
NSC
21,250,746.00
399,300
47.05
NORFOLK SOUTHERN CORP.
655844108
18,787,065.00
NOC
16,220,442.07
363,500
45.04
NORTHROP GRUMMAN CORP.
666807102
16,372,040.00
NUE
18,082,694.77
336,100
46.20
NUCOR CORP
670346105
15,527,820.00
NYX
21,227,008.00
281,600
27.38
NYSE EURONEXT
629491101
7,710,208.00
OXY
12,811,012.89
872,200
59.99
OCCIDENTAL PETROLEUM CORP.
674599105
52,323,278.00
OMC
12,118,001.45
340,400
26.92
OMNICOM GROUP
681919106
9,163,568.00
ORCL
41,888,931.41
4,138,800
17.73
ORACLE SYS. CORP.
68389X105
73,380,924.00
PCAR
22,621,055.33
388,100
28.60
PACCAR INC
693718108
11,099,660.00
BTU
24,243,578.20
288,500
22.75
PEABODY ENERGY CORP
704549104
6,563,375.00
PEP
54,566,829.87
1,685,600
54.77
PEPSICO INC.
713448108
92,320,312.00
PFE
157,935,905.84
7,189,500
17.71
PFIZER INC.
717081103
127,326,045.00
PM
41,489,049.89
2,241,600
43.51
PHILIP MORRIS INTERNATIONAL
718172109
97,532,016.00
PNC
24,537,035.09
452,300
49.00
PNC FINANCIAL SERVICES GROUP
693475105
22,162,700.00
PX
15,471,872.00
332,800
59.36
PRAXAIR INC.
74005P104
19,755,008.00
PG
107,981,445.02
3,203,300
61.82
PROCTER & GAMBLE CO
742718109
198,028,006.00
PRU
18,130,819.75
461,000
30.26
PRUDENTIAL FINANCIAL INC
744320102
13,949,860.00
PEG
17,865,624.00
540,400
29.17
PUBLIC SVC ENTERPRISES
744573106
15,763,468.00
QCOM
39,358,944.69
1,720,200
35.83
QUALCOMM INC
747525103
61,634,766.00
RTN
15,891,301.58
449,500
51.04
RAYTHEON COMPANY
755111507
22,942,480.00
RAI
10,322,073.37
182,000
40.31
REYNOLDS AMERICAN INC
761713106
7,336,420.00
SGP
35,820,821.80
1,723,100
17.03
SCHERING-PLOUGH
806605101
29,344,393.00
SLB
113,272,713.24
1,267,900
42.33
SCHLUMBERGER
806857108
53,670,207.00
SCHW
13,394,532.96
993,000
16.17
SCHWAB (CHARLES) CORP
808513105
16,056,810.00
SO
23,043,262.24
815,300
37.00
SOUTHERN CO
842587107
30,166,100.00
PCU
7,370,898.00
233,700
16.06
SOUTHERN COPPER CORP
84265V105
3,753,222.00
S
53,436,522.92
2,951,000
1.83
SPRINT NEXTEL CORP
852061100
5,400,330.00
SPLS
10,436,937.60
746,200
17.92
STAPLES INC
855030102
13,371,904.00
Instrument:
COMMON STOCK
COM
STT
22,649,907.07
453,000
39.33
STATE STREET CORP
857477103
17,816,490.00
SYK
9,688,915.55
326,900
39.95
STRYKER CORP.
863667101
13,059,655.00
STI
24,173,698.62
375,500
29.54
SUNTRUST BANKS INC.
867914103
11,092,270.00
SYMC
14,566,504.69
892,800
13.52
SYMANTEC CORP
871503108
12,070,656.00
SYY
15,781,952.49
638,300
22.94
SYSCO CORP.
871829107
14,642,602.00
TGT
24,616,934.66
838,100
34.53
TARGET CORP
87612E106
28,939,593.00
TXN
39,147,420.28
1,405,700
15.52
TEXAS INSTRS INC
882508104
21,816,464.00
BK
40,574,148.44
1,215,500
28.33
THE BANK OF NEW YORK MELLON CORP
064058100
34,435,115.00
DTV
8,638,193.18
580,400
22.91
THE DIRECTV GROUP INC
25459L106
13,296,964.00
TMO
22,472,932.03
444,400
34.07
THERMO ELECTRON CORP.
883556102
15,140,708.00
TWC
6,523,101.00
165,100
21.45
TIME WARNER CABLE-A
88732J108
3,541,395.00
TWX
113,917,853.60
3,802,700
10.06
TIME WARNER INC.
887317105
38,255,162.00
TRV
23,640,746.95
642,600
45.20
TRAVELERS COS INC
89417E109
29,045,520.00
TEL
20,094,988.59
508,000
16.21
TYCO ELECTRONICS
G9144P105
8,234,680.00
TYC
27,508,160.72
512,500
21.60
TYCO INTERNATIONAL LTD
G9143X208
11,070,000.00
UNP
15,064,685.46
549,200
47.80
UNION PACIFIC CORP.
907818108
26,251,760.00
UPS
49,097,164.95
726,900
55.16
UNITED PARCEL SERVICES INC
911312106
40,095,804.00
X
23,380,264.26
125,100
37.20
UNITED STATES STEEL CORP.
912909108
4,653,720.00
UTX
37,038,358.85
1,034,200
53.60
UNITED TECHNOLOGIES
913017109
55,433,120.00
UNH
26,476,977.23
1,305,800
26.60
UNITEDHEALTH GROUP INC
91324P102
34,734,280.00
USB
44,452,949.47
1,849,700
25.01
US BANCORP
902973304
46,260,997.00
VLO
23,564,441.16
561,600
21.64
VALERO ENERGY CORP.
91913Y100
12,153,024.00
VZ
117,591,297.41
3,029,400
33.90
VERIZON COMMUNICATIONS
92343V104
102,696,660.00
VIA.B
27,756,174.33
594,500
19.06
VIACOM INC. CL B
92553P201
11,331,170.00
V
39,284,970.95
475,700
52.45
VISA INC-CLASS A
92826C839
24,950,465.00
VMW
3,630,451.30
44,100
23.69
VMWARE INC-CLASS A
928563402
1,044,729.00
WMT
77,999,753.90
2,384,400
56.06
WAL MART STORES INC
931142103
133,669,464.00
WAG
23,515,499.15
1,052,600
24.67
WALGREEN CO.
931422109
25,967,642.00
WMI
16,866,679.78
521,400
33.14
WASTE MANAGEMENT INC.
94106L109
17,279,196.00
WFT
34,990,806.66
722,200
10.82
WEATHERFORD INTERNATIONAL, LTD.
G95089101
7,814,204.00
Instrument:
COMMON STOCK
COM
WLP
29,581,902.93
559,200
42.13
WELLPOINT INC.
94973V107
23,559,096.00
WFC
161,302,513.59
4,484,254
29.48
WELLS FARGO COMPANY
949746101
132,195,820.01
WU
10,118,916.88
786,400
14.34
WESTERN UNION CO.
959802109
11,276,976.00
WMB
24,323,642.42
621,100
14.48
WILLIAMS COS. INC.
969457100
8,993,528.00
WYE
53,844,419.73
1,417,000
37.51
WYETH
983024100
53,151,670.00
XTO
22,594,369.13
587,800
35.27
XTO ENERGY INC.
98385X106
20,731,706.00
YHOO
46,569,869.71
1,464,500
12.20
YAHOO INC
984332106
17,866,900.00
ZMH
10,569,363.01
246,000
40.42
ZIMMER HOLDINGS INC
98956P102
9,943,320.00
COMMON STOCK  TOTAL
7,217,796,229.37
6,921,844,242.49
231,157,184
Instrument:
REAL ESTATE INVESTMENT TRUST
REIT
SPG
17,760,991.16
238,800
53.13
SIMON PROP GROUP INC.
828806109
12,687,444.00
REAL ESTATE INVESTMENT TRUST  TOTAL
17,760,991.16
12,687,444.00
238,800
LARGE-CAP PASSIVE (P) TOTAL
7,235,557,220.53
6,934,531,686.49
231,395,984