Instrument:
COMMON STOCK
COM
620,151.43
30,000
10.84
WINTHROP REALTY TRUST
976391300
325,200.00
COMMON STOCK  TOTAL
620,151.43
325,200.00
30,000
Instrument:
REAL ESTATE INVESTMENT TRUST
REIT
4,203,250.41
163,000
14.27
ACADIA RLTY TR
004239109
2,326,010.00
2,589,265.55
8,300
254.90
ALEXANDERS INC
014752109
2,115,670.00
12,079,274.45
141,000
60.34
ALEXANDRIA REAL ESTATE
015271109
8,507,940.00
22,061,863.72
442,521
23.42
AMB PROPERTY CORP.
00163T109
10,363,841.81
5,061,200.55
175,481
20.48
AMERICAN CAMPUS COMMUNITIES INC
024835100
3,593,850.88
7,454,359.24
374,376
11.55
APARTMENT INVT & MGMT
03748R101
4,324,042.81
110,988.50
95,000
1.15
ASHFORD HOSPITALITY TRUST INC
044103109
109,250.00
653,278.71
50,937
9.13
ASSOCIATED ESTATES
045604105
465,054.80
30,434,102.78
331,656
60.58
AVALONBAY COMMUNITIES
053484101
20,091,720.46
6,329,785.72
296,000
11.72
BIOMED REALTY TRUST
09063H107
3,469,120.00
33,090,633.10
421,584
55.00
BOSTON PROPERTIES INC
101121101
23,187,120.01
4,864,067.14
323,350
7.71
BRANDYWINE REALTY
105368203
2,493,028.51
10,037,195.57
197,635
27.98
BRE PROPERTIES  -CL A
05564E106
5,529,827.29
3,092,198.99
81,000
31.34
CAMDEN PROPERTY TRUST
133131102
2,538,539.98
245,743.00
39,100
6.50
CBL & ASSOC PROP
124830100
254,150.00
147,993.00
20,700
8.33
COLONIAL PROPERTIES
195872106
172,431.00
4,222,248.09
110,000
30.70
CORPORATE OFFICE PROPERTY
22002T108
3,377,000.00
2,323,861.71
156,200
13.85
COUSINS PROPERTIES INC
222795106
2,163,370.00
4,906,960.14
530,104
5.06
DCT INDUSTRIAL TRUST INC
233153105
2,682,326.25
15,395,130.16
496,871
4.88
DEVELOPERS DIVERSIFIED RE
251591103
2,424,730.49
4,578,191.30
365,400
5.07
DIAMONDROCK HOSPITALITY
252784301
1,852,578.00
13,052,875.80
353,443
32.85
DIGITAL REALTY TRUST INC
253868103
11,610,602.55
9,294,509.75
512,500
13.06
DOUGLAS EMMETT INC
25960P109
6,693,250.00
8,772,941.50
468,233
10.96
DUKE RE CORPORATION
264411505
5,131,833.67
4,341,419.38
115,200
35.58
EASTGROUP PROPERTY INC
277276101
4,098,816.00
790,630.25
72,630
5.22
EDUCATION REALTY TRUST INC
28140H104
379,128.60
4,911,503.42
101,500
38.36
EQUITY LIFESTYLE PROPERTIES INC
29472R108
3,893,540.00
1,015,397.40
69,000
17.70
EQUITY ONE INC
294752100
1,221,300.03
Instrument:
REAL ESTATE INVESTMENT TRUST
REIT
36,149,867.82
1,051,426
29.82
EQUITY RESIDENTIAL PROP
29476L107
31,353,523.32
12,356,945.18
114,500
76.75
ESSEX PROPERTY TRUST INC.
297178105
8,787,875.02
4,783,959.93
343,400
10.32
EXTRA SPACE STORAGE INC
30225T102
3,543,888.03
20,579,364.34
276,530
62.08
FEDERAL REALTY INV.
313747206
17,166,982.41
11,151.00
6,300
1.84
FELCOR LODGING TRUST
31430F101
11,592.00
228,875.50
32,300
7.55
FIRST INDUSTRIAL RE
32054K103
243,865.00
80,034.00
10,000
9.30
FIRST POTOMAC REALTY TRUST
33610F109
93,000.00
440,345.46
145,000
2.81
GLIMCHER REALTY TRUST
379302102
407,450.01
31,465,482.78
962,400
27.77
HCP INC
40414L109
26,725,848.02
16,718,139.96
377,600
42.20
HEALTH CARE REIT INC
42217K106
15,934,720.01
3,117,947.82
126,200
23.48
HEALTHCARE RLTY TR
421946104
2,963,176.01
8,464,916.92
268,200
27.36
HIGHWOODS PROP INC.
431284108
7,337,952.00
520,714.33
16,000
40.60
HOME PROPERTIES OF NY INC.
437306103
649,600.00
11,852,725.45
392,700
14.87
HOSPITALITY PROPERTIES
44106M102
5,839,449.00
36,919,914.38
2,049,108
7.57
HOST HOTELS & RESORTS INC
44107P104
15,511,747.56
2,412,810.89
868,500
3.37
HRPT PROPERTIES TRUST
40426W101
2,926,845.02
2,748,226.48
244,000
12.98
INLAND REAL ESTATE CORP
457461200
3,167,120.00
7,113,937.41
119,891
33.46
KILROY RE CORP
49427F108
4,011,552.86
24,579,609.67
797,744
18.28
KIMCO REALTY CORP
49446R109
14,582,760.33
3,422,782.06
121,900
11.05
LASALLE HOTEL PROPERTIES
517942108
1,346,994.99
10,258,757.74
321,868
22.83
LIBERTY PROPERTY TRUST
531172104
7,348,246.44
16,475,114.36
277,800
18.16
MACERICH CO
554382101
5,044,847.99
8,065,123.99
233,402
24.50
MACK-CALI RE CORP.
554489104
5,718,348.99
2,625,276.47
85,000
37.16
MID-AMERICAN APARTMENT
59522J103
3,158,600.01
11,913,815.54
390,700
28.72
NATIONWIDE HEALTH PP
638620104
11,220,904.00
310,959.37
20,300
18.00
PARKWAY PROPERTYS INC
70159Q104
365,399.99
43,722.90
10,000
7.45
PENNSYLVANIA RI
709102107
74,500.00
2,786,121.31
102,048
16.50
POST PROPERTIES,INC.
737464107
1,683,791.96
48,769,216.43
1,003,006
13.89
PROLOGIS TRUST
743410102
13,931,753.35
4,155,237.53
73,200
44.66
PS BUSINESS PARKS INC/CA
69360J107
3,269,112.00
30,294,030.06
467,386
79.50
PUBLIC STORAGE INC
74460D109
37,157,186.99
Instrument:
REAL ESTATE INVESTMENT TRUST
REIT
12,835,863.16
228,800
46.70
REGENCY CENTERS CORP
758849103
10,684,960.01
7,054,946.97
358,800
17.92
SENIOR HOUSING PROP TRUST
81721M109
6,429,696.00
61,970,947.33
888,934
53.13
SIMON PROP GROUP INC.
828806109
47,229,063.41
14,671,310.50
168,951
25.90
SL GREEN RE CORP
78440X101
4,375,830.91
158,210.14
30,000
6.19
SUNSTONE HOTEL INVESTORS INC
867892101
185,700.00
6,258,200.16
167,000
37.62
TANGER FACTORY OUTLET
875465106
6,282,540.00
8,710,042.87
190,433
25.46
TAUBMAN CENTERS INC
876664103
4,848,424.19
10,187,181.38
429,246
13.79
UDR INC
902653104
5,919,302.34
1,674,760.87
188,200
4.45
U-STORE-IT TRUST
91274F104
837,489.99
25,584,078.25
680,700
33.57
VENTAS INC.
92276F100
22,851,099.00
47,180,018.37
572,096
60.35
VORNADO REALTY TRUST
929042109
34,525,993.60
6,196,125.42
178,808
28.30
WASHINGTON RE INV
939653101
5,060,266.40
REAL ESTATE INVESTMENT TRUST  TOTAL
778,207,681.83
535,879,072.30
21,903,098
REAL ESTATE REIT TOTAL
778,827,833.26
536,204,272.30
21,933,098