Instrument:
COMMON STOCK
COM
MMM
40,578,061.02
722,400
82.67
3M COMPANY
88579Y101
59,720,808.00
ABT
51,772,265.81
1,607,700
53.99
ABBOTT LABORATORIES
002824100
86,799,723.00
ATVI
7,361,222.89
580,900
11.11
ACTIVISION BLIZZARD INC
00507V109
6,453,799.00
ADBE
12,090,000.25
544,800
36.78
ADOBE SYSTEMS INC.
00724F101
20,037,744.00
AET
5,551,969.00
464,900
31.70
AETNA INC.
00817Y108
14,737,330.00
AFL
14,797,677.06
486,300
46.25
AFLAC INC
001055102
22,491,375.00
APD
21,524,445.49
218,300
81.06
AIR PROD. & CHEM.
009158106
17,695,398.00
AA
27,049,717.36
1,013,500
16.12
ALCOA INC.
013817101
16,337,620.00
AGN
15,725,692.01
316,800
63.01
ALLERGAN INC.
018490102
19,961,568.00
ALL
19,935,381.06
558,000
30.04
ALLSTATE CORP
020002101
16,762,320.00
MO
17,753,247.65
2,150,900
19.63
ALTRIA GROUP INC
02209S103
42,222,167.00
AMZN
23,600,335.81
341,900
134.52
AMAZON COM INC
023135106
45,992,388.00
AEP
14,181,681.60
496,000
34.79
AMERICAN ELECTRIC POWER
025537101
17,255,840.00
AXP
34,478,088.66
1,055,500
40.52
AMERICAN EXPRESS CO.
025816109
42,768,860.00
AMT
13,176,386.37
413,700
43.21
AMERICAN TOWER CORP
029912201
17,875,977.00
AMGN
37,083,571.98
1,053,200
56.57
AMGEN INC
031162100
59,579,524.00
APC
14,166,053.26
519,300
62.42
ANADARKO PETROLEUM CORP
032511107
32,414,706.00
AOL
5,668,231.58
113,145
23.28
AOL INC.
00184X105
2,634,015.60
APA
13,443,200.59
348,700
103.17
APACHE CORP.
037411105
35,975,379.00
AAPL
28,039,048.55
928,000
210.86
APPLE INC.
037833100
195,678,080.00
AMAT
27,397,694.49
1,382,900
13.94
APPLIED MATERIALS INC.
038222105
19,277,626.00
ADM
26,317,247.58
667,900
31.31
ARCHER DANIELS MIDLAND CO
039483102
20,911,949.00
T
178,547,214.60
6,137,700
28.03
AT&T INC
00206R102
172,039,731.00
ADP
16,833,300.08
521,800
42.82
AUTOMATIC DATA PROC.
053015103
22,343,476.00
BHI
10,826,683.46
321,500
40.48
BAKER HUGHES CORP
057224107
13,014,320.00
BAC
243,289,650.69
8,999,700
15.06
BANK OF AMERICA CORP.
060505104
135,535,482.00
BAX
17,414,211.54
629,400
58.68
BAXTER INTL
071813109
36,933,192.00
BBT
22,936,381.14
714,200
25.37
BB&T CORPORATION
054937107
18,119,254.00
BDX
8,772,093.51
249,200
78.86
BECTON DICKINSON & COMPANY
075887109
19,651,912.00
BBY
10,079,770.95
350,300
39.46
BEST BUY COMPANY INC
086516101
13,822,838.00
Instrument:
COMMON STOCK
COM
BIIB
13,943,609.28
300,200
53.50
BIOGEN IDEC INC
09062X103
16,060,700.00
BLK
6,601,704.93
33,100
232.20
BLACKROCK INC
09247X101
7,685,820.00
BA
32,862,699.46
755,400
54.13
BOEING CO
097023105
40,889,802.00
BSX
26,132,782.52
1,567,100
9.00
BOSTON SCIENTIFIC CORP.
101137107
14,103,900.00
BMY
50,908,417.36
1,780,600
25.25
BRISTOL-MYERS SQUIBB
110122108
44,960,150.00
BRCM
12,606,077.06
511,100
31.45
BROADCOM CORP
111320107
16,074,095.00
BNI
12,767,780.00
273,400
98.62
BURLINGTON NORTHERN SANTA FE
12189T104
26,962,708.00
COF
27,347,547.24
469,900
38.34
CAPITAL ONE FINANCIAL CORP.
14040H105
18,015,966.00
CAH
12,807,549.98
374,600
32.24
CARDINAL HEALTH INC.
14149Y108
12,077,104.00
CFN
4,949,902.97
187,300
25.01
CAREFUSION CORP
14170T101
4,684,373.00
CCL
22,484,614.00
455,800
31.69
CARNIVAL CORP
143658300
14,444,302.00
CAT
20,676,330.27
626,000
56.99
CATERPILLAR INC.
149123101
35,675,740.00
CELG
16,367,573.55
478,800
55.68
CELGENE CORP
151020104
26,659,584.00
CHK
39,346,254.84
651,400
25.88
CHESAPEAKE ENERGY CORP
165167107
16,858,232.00
CVX
79,982,886.05
2,085,400
76.99
CHEVRON CORP.
166764100
160,554,946.00
CB
11,603,776.22
366,300
49.18
CHUBB CORP
171232101
18,014,634.00
CSCO
124,481,557.62
6,000,200
23.94
CISCO SYSTEMS
17275R102
143,644,788.00
C
184,974,363.21
15,798,200
3.31
CITIGROUP INC.
172967101
52,292,042.00
CME
25,221,836.26
69,000
335.95
CME GROUP INC
12572Q105
23,180,550.00
KO
111,961,581.39
2,408,200
57.00
COCA COLA CO.
191216100
137,267,400.00
CL
20,651,855.64
519,700
82.15
COLGATE PALMOLIVE
194162103
42,693,355.00
CMCSA
59,940,392.06
2,990,500
16.86
COMCAST CORP - CL A
20030N101
50,419,830.00
COP
38,230,476.61
1,541,200
51.07
CONOCOPHILLIPS
20825C104
78,709,084.00
GLW
24,495,069.47
1,616,500
19.31
CORNING INC
219350105
31,214,615.00
COST
17,542,716.55
451,500
59.17
COSTCO WHOLESALE CORP.
22160K105
26,715,255.00
CSX
25,298,358.72
407,200
48.49
CSX CORP.
126408103
19,745,128.00
CVS
23,317,712.22
1,514,500
32.21
CVS/CAREMARK CORP
126650100
48,782,045.00
DHR
10,264,968.12
268,900
75.20
DANAHER CORP
235851102
20,221,280.00
DE
11,926,597.78
439,700
54.09
DEERE & CO.
244199105
23,783,373.00
DELL
45,288,726.57
1,782,000
14.36
DELL INC
24702R101
25,589,520.00
Instrument:
COMMON STOCK
COM
DVN
13,546,578.06
461,800
73.50
DEVON ENERGY CORPORATION
25179M103
33,942,300.00
DTV
19,174,948.56
1,017,391
33.35
DIRECTV
25490A101
33,929,989.85
DIS
53,397,171.37
1,969,300
32.25
DISNEY (WALT) CO.
254687106
63,509,924.99
D
19,668,327.84
613,700
38.92
DOMINION RESOURCES INC-VA
25746U109
23,885,204.00
DOW
36,544,169.13
1,157,400
27.63
DOW CHEMICAL CO
260543103
31,978,962.00
DUK
20,274,307.41
1,339,000
17.21
DUKE ENERGY CORPORATION
26441C105
23,044,190.00
DD
45,047,781.57
940,000
33.67
E I DUPONT DE NEM.
263534109
31,649,800.00
EBAY
32,989,181.31
1,163,100
23.54
EBAY INC
278642103
27,379,374.00
LLY
51,620,809.63
1,054,300
35.71
ELI LILLY & COMPANY
532457108
37,649,053.00
EMC
29,426,677.90
2,094,100
17.47
EMC CORP
268648102
36,583,927.00
EMR
19,945,951.52
781,700
42.60
EMERSON ELECTRIC CO
291011104
33,300,420.00
ETR
19,753,786.30
204,000
81.84
ENTERGY CORP.
29364G103
16,695,360.00
EOG
15,900,967.92
260,400
97.30
EOG RESOURCES INC
26875P101
25,336,920.00
EXC
21,988,686.66
685,300
48.87
EXELON CORP
30161N101
33,490,611.00
ESRX
19,463,801.28
285,500
86.45
EXPRESS SCRIPTS
302182100
24,681,475.00
XOM
134,512,772.61
5,076,300
68.19
EXXON MOBIL CORPORATION
30231G102
346,152,897.00
FDX
17,051,113.59
323,900
83.45
FEDEX CORPORATION
31428X106
27,029,455.00
FE
10,573,370.18
317,100
46.45
FIRST ENERGY CORP.
337932107
14,729,295.00
FSLR
13,668,444.68
53,400
135.40
FIRST SOLAR INC
336433107
7,230,360.00
F
23,971,497.65
3,250,800
10.00
FORD MOTOR COMPANY
345370860
32,508,000.00
FPL
17,621,054.88
427,300
52.82
FPL GROUP INC.
302571104
22,569,986.00
BEN
7,320,497.44
156,700
105.35
FRANKLIN RESOURCES INC
354613101
16,508,345.00
FCX
33,961,798.92
428,300
80.29
FREEPORT MCMORAN CLASS B
35671D857
34,388,207.00
GPS
8,050,680.00
501,600
20.95
GAP INC
364760108
10,508,520.00
GD
15,037,910.38
359,700
68.17
GENERAL DYNAMICS CORP.
369550108
24,520,749.00
GE
253,025,755.39
11,016,100
15.13
GENERAL ELECTRIC CO
369604103
166,673,593.00
GIS
15,749,034.77
342,200
70.81
GENERAL MILLS INC
370334104
24,231,182.00
GENZ
11,004,204.38
280,600
49.01
GENZYME CORP. GEN. DIV.
372917104
13,752,206.00
GILD
10,152,006.81
942,900
43.28
GILEAD SCIENCES INC.
375558103
40,808,712.00
GS
51,108,467.65
523,700
168.84
GOLDMAN SACHS GROUP INC
38141G104
88,421,508.00
Instrument:
COMMON STOCK
COM
GOOG
82,042,020.74
249,100
619.98
GOOGLE INC - CL A
38259P508
154,437,018.00
HAL
16,631,254.60
933,200
30.09
HALLIBURTON COMPANY
406216101
28,079,988.00
HES
38,144,229.46
302,100
60.50
HESS CORP.
42809H107
18,277,050.00
HPQ
55,067,075.31
2,487,800
51.51
HEWLETT-PACKARD CO
428236103
128,146,578.00
HD
48,242,363.62
1,764,500
28.93
HOME DEPOT INC.
437076102
51,046,985.00
HON
30,324,270.86
773,800
39.20
HONEYWELL INTERNATIONAL INC
438516106
30,332,960.00
ITW
15,505,623.17
467,000
47.99
ILLINOIS TOOL WORKS
452308109
22,411,330.00
INTC
123,539,688.99
5,810,000
20.40
INTEL CORP.
458140100
118,524,000.00
IBM
103,403,554.89
1,374,600
130.90
INTL BUS MACH CORP
459200101
179,935,140.00
JNJ
99,534,351.93
2,866,600
64.41
JOHNSON & JOHNSON
478160104
184,637,706.00
JCI
19,151,166.34
698,300
27.24
JOHNSON CONTROLS
478366107
19,021,692.00
JPM
150,552,492.99
3,910,600
41.67
JPMORGAN CHASE & CO.
46625H100
162,954,702.00
JNPR
12,329,286.36
544,200
26.67
JUNIPER NETWORKS INC
48203R104
14,513,814.00
K
9,362,977.62
264,600
53.20
KELLOGG CO.
487836108
14,076,720.00
KMB
22,663,971.35
430,900
63.71
KIMBERLY-CLARK CORP
494368103
27,452,639.00
KSS
13,970,950.80
317,000
53.93
KOHLS CORP
500255104
17,095,810.00
KFT
23,383,900.32
1,532,100
27.18
KRAFT FOODS INC - A
50075N104
41,642,478.00
KR
19,754,046.00
678,600
20.53
KROGER CO.
501044101
13,931,658.00
LSTZA
1,853,491.28
53,920
46.15
LIBERTY MEDIA-STARZ SERIES A
53071M708
2,488,408.00
LMT
14,686,716.09
330,900
75.35
LOCKHEED MARTIN CORPORATION
539830109
24,933,315.00
L
8,928,892.16
340,900
36.35
LOEWS CORP
540424108
12,391,715.00
LOW
19,378,402.56
1,533,400
23.39
LOWE'S COS
548661107
35,866,226.00
MRO
21,207,829.05
736,300
31.22
MARATHON OIL CORP
565849106
22,987,286.00
MA
22,896,962.20
88,600
255.98
MASTERCARD INC-CLASS A
57636Q104
22,679,828.00
MCD
34,236,957.33
1,147,700
62.44
MCDONALDS CORPORATION
580135101
71,662,388.00
MCK
13,406,668.82
282,400
62.50
MCKESSON CORP
58155Q103
17,650,000.00
MHS
11,692,683.24
501,800
63.91
MEDCO HEALTH SOLUTIONS INC
58405U102
32,070,038.00
MDT
34,893,573.05
1,164,400
43.98
MEDTRONIC INC
585055106
51,210,312.00
MRK
117,054,075.45
3,172,421
36.54
MERCK & CO INC
58933Y105
115,920,263.34
MET
21,588,352.23
600,300
35.35
METLIFE INC
59156R108
21,220,605.00
Instrument:
COMMON STOCK
COM
MSFT
202,146,773.37
8,017,600
30.49
MICROSOFT CORP.
594918104
244,456,624.00
MON
18,826,745.47
567,700
81.75
MONSANTO COMPANY
61166W101
46,409,475.00
MS
51,127,627.87
1,413,900
29.60
MORGAN STANLEY
617446448
41,851,440.00
MOS
24,385,555.84
164,600
59.73
MOSAIC COMPANY
61945A107
9,831,558.00
MOT
42,593,968.31
2,384,700
7.76
MOTOROLA INC
620076109
18,505,272.00
NOV
38,450,650.50
435,000
44.09
NATIONAL OILWELL VARCO INC
637071101
19,179,150.00
NEM
18,575,476.91
497,900
47.31
NEWMONT MNG. CORP. HLDG CO
651639106
23,555,649.00
NWSA
40,034,071.04
2,368,500
13.69
NEWS CORP INC-CL A
65248E104
32,424,765.00
NKE
12,500,812.56
375,900
66.07
NIKE INC. -CL B
654106103
24,835,713.00
NSC
20,319,396.00
381,800
52.42
NORFOLK SOUTHERN CORP.
655844108
20,013,956.00
NTRS
13,367,530.28
250,700
52.40
NORTHERN TRUST CORP
665859104
13,136,680.00
NOC
15,015,622.44
336,500
55.85
NORTHROP GRUMMAN CORP.
666807102
18,793,525.00
NUE
17,587,720.68
326,900
46.65
NUCOR CORP
670346105
15,249,885.00
OXY
12,385,056.26
843,200
81.35
OCCIDENTAL PETROLEUM CORP.
674599105
68,594,320.00
OMC
11,512,813.36
323,400
39.15
OMNICOM GROUP
681919106
12,661,110.00
ORCL
40,243,251.41
3,976,200
24.54
ORACLE SYS. CORP.
68389X105
97,575,948.00
PCAR
22,020,702.66
377,800
36.27
PACCAR INC
693718108
13,702,806.00
PCG
14,498,847.62
383,200
44.65
PACIFIC GAS & ELEC. CO.
69331C108
17,109,880.00
BTU
23,369,632.92
278,100
45.21
PEABODY ENERGY CORP
704549104
12,572,901.00
PEP
52,427,017.66
1,619,500
60.80
PEPSICO INC.
713448108
98,465,600.00
PFE
172,406,003.67
8,386,290
18.19
PFIZER INC.
717081103
152,546,615.10
PM
37,768,805.85
2,040,600
48.19
PHILIP MORRIS INTERNATIONAL
718172109
98,336,514.00
PNC
25,576,545.65
478,700
52.79
PNC FINANCIAL SERVICES GROUP
693475105
25,270,573.00
PX
14,872,151.00
319,900
80.31
PRAXAIR INC.
74005P104
25,691,169.00
PG
102,210,389.11
3,032,100
60.63
PROCTER & GAMBLE CO
742718109
183,836,223.00
PRU
19,278,280.28
479,200
49.76
PRUDENTIAL FINANCIAL INC
744320102
23,844,992.00
PEG
17,402,784.00
526,400
33.25
PUBLIC SVC ENTERPRISES
744573106
17,502,800.00
QCOM
39,428,186.34
1,721,700
46.26
QUALCOMM INC
747525103
79,645,842.00
RTN
14,491,311.50
409,900
51.52
RAYTHEON COMPANY
755111507
21,118,048.00
RAI
9,953,427.89
175,500
52.97
REYNOLDS AMERICAN INC
761713106
9,296,235.00
Instrument:
COMMON STOCK
COM
SLB
111,191,118.30
1,244,600
65.09
SCHLUMBERGER
806857108
81,011,014.00
SCHW
13,323,041.50
987,700
18.82
SCHWAB (CHARLES) CORP
808513105
18,588,514.00
SO
23,006,519.64
814,000
33.32
SOUTHERN CO
842587107
27,122,480.00
PCU
5,771,820.00
183,000
32.91
SOUTHERN COPPER CORP
84265V105
6,022,530.00
SWN
13,805,623.47
357,500
48.20
SOUTHWESTERN ENERGY COMPANY
845467109
17,231,500.00
S
52,885,001.94
2,963,300
3.66
SPRINT NEXTEL CORP
852061100
10,845,678.00
STJ
12,364,114.91
360,300
36.78
ST JUDE MED. INC.
790849103
13,251,834.00
SPLS
10,407,565.36
744,100
24.59
STAPLES INC
855030102
18,297,419.00
SBUX
11,100,438.95
765,500
23.06
STARBUCKS CORP.
855244109
17,652,430.00
STT
25,445,512.92
513,700
43.54
STATE STREET CORP
857477103
22,366,498.00
SYK
10,713,610.50
352,000
50.37
STRYKER CORP.
863667101
17,730,240.00
SYMC
13,935,093.70
854,100
17.89
SYMANTEC CORP
871503108
15,279,849.00
SYY
15,173,718.07
613,700
27.94
SYSCO CORP.
871829107
17,146,778.00
TGT
22,977,959.65
782,300
48.37
TARGET CORP
87612E106
37,839,851.00
TXN
36,891,646.61
1,324,700
26.06
TEXAS INSTRS INC
882508104
34,521,682.00
BK
41,398,650.21
1,243,600
27.97
THE BANK OF NEW YORK MELLON CORP
064058100
34,783,492.00
TMO
22,007,695.81
435,200
47.69
THERMO ELECTRON CORP.
883556102
20,754,688.00
TWC
35,630,330.26
366,500
41.39
TIME WARNER CABLE INC
88732J207
15,169,435.00
TWX
76,965,652.19
1,244,600
29.14
TIME WARNER INC.
887317303
36,267,644.00
TRV
20,885,235.06
567,700
49.86
TRAVELERS COS INC
89417E109
28,305,522.00
UNP
14,384,415.62
524,400
63.90
UNION PACIFIC CORP.
907818108
33,509,160.00
UPS
48,590,590.81
719,400
57.37
UNITED PARCEL SERVICES INC
911312106
41,271,978.00
UTX
31,164,938.96
870,200
69.41
UNITED TECHNOLOGIES
913017109
60,400,582.00
UNH
25,090,068.64
1,237,400
30.48
UNITEDHEALTH GROUP INC
91324P102
37,715,952.00
USB
46,694,320.92
1,974,000
22.51
US BANCORP
902973304
44,434,740.00
VLO
23,442,985.97
585,300
16.75
VALERO ENERGY CORP.
91913Y100
9,803,775.00
VZ
114,703,335.27
2,955,000
33.13
VERIZON COMMUNICATIONS
92343V104
97,899,150.00
VIA.B
26,360,195.17
564,600
29.73
VIACOM INC. CL B
92553P201
16,785,558.00
V
38,599,527.90
467,400
87.46
VISA INC-CLASS A
92826C839
40,878,804.00
VMW
3,890,223.55
53,400
42.38
VMWARE INC-CLASS A
928563402
2,263,092.00
Instrument:
COMMON STOCK
COM
WMT
75,232,273.96
2,299,800
53.45
WAL MART STORES INC
931142103
122,924,310.00
WAG
23,048,584.91
1,031,700
36.72
WALGREEN CO.
931422109
37,884,024.00
WM
16,556,131.02
511,800
33.81
WASTE MANAGEMENT INC.
94106L109
17,303,958.00
WLP
25,222,910.08
476,800
58.29
WELLPOINT INC.
94973V107
27,792,672.00
WFC
172,349,713.57
4,947,600
26.99
WELLS FARGO COMPANY
949746101
133,535,724.00
WU
9,386,762.29
729,500
18.85
WESTERN UNION CO.
959802109
13,751,075.00
WMB
23,634,387.70
603,500
21.08
WILLIAMS COS. INC.
969457100
12,721,780.00
XTO
23,173,887.37
603,000
46.53
XTO ENERGY INC.
98385X106
28,057,590.00
YHOO
39,287,862.08
1,235,500
16.78
YAHOO INC
984332106
20,731,690.00
YUM
15,947,057.84
480,200
34.97
YUM BRANDS INC
988498101
16,792,594.00
ZMH
9,615,542.45
223,800
59.11
ZIMMER HOLDINGS INC
98956P102
13,228,818.00
COMMON STOCK  TOTAL
6,869,389,052.17
8,253,605,272.88
236,723,667
Instrument:
REAL ESTATE INVESTMENT TRUST
REIT
SPG
17,313,149.08
250,466
79.80
SIMON PROP GROUP INC.
828806109
19,987,186.80
REAL ESTATE INVESTMENT TRUST  TOTAL
17,313,149.08
19,987,186.80
250,466
LARGE-CAP PASSIVE (P) TOTAL
6,886,702,201.25
8,273,592,459.68
236,974,133