Instrument:
COMMON STOCK
COM
643,489.50
31,000
22.01
PEBBLEBROOK HOTEL TRUST
70509V100
682,310.00
COMMON STOCK  TOTAL
643,489.50
682,310.00
31,000
Instrument:
REGIONAL MALLS
J
665,280.95
RIOCAN REAL ESTATE INVST TR
2229610
757,561.31
866,808.51
WESTFIELD GROUP
B01BTX7
901,977.39
REGIONAL MALLS  TOTAL
1,532,089.46
1,659,538.70
Instrument:
REAL ESTATE INVESTMENT TRUST
REIT
4,303,389.83
183,285
16.87
ACADIA RLTY TR
004239109
3,092,017.95
2,704,746.93
9,097
304.42
ALEXANDERS INC
014752109
2,769,308.74
10,339,712.03
127,300
64.29
ALEXANDRIA REAL ESTATE
015271109
8,184,117.00
18,051,402.40
484,719
25.55
AMB PROPERTY CORP.
00163T109
12,384,570.46
4,278,553.25
154,481
28.10
AMERICAN CAMPUS COMMUNITIES INC
024835100
4,340,916.08
5,040,686.28
388,197
15.92
APARTMENT INVT & MGMT
03748R101
6,180,096.24
592,152.34
165,000
4.64
ASHFORD HOSPITALITY TRUST INC
044103109
765,600.01
733,942.21
90,537
11.27
ASSOCIATED ESTATES
045604105
1,020,351.98
21,627,821.33
243,140
82.11
AVALONBAY COMMUNITIES
053484101
19,964,225.40
5,803,284.56
274,000
15.78
BIOMED REALTY TRUST
09063H107
4,323,720.00
29,846,831.18
416,084
67.07
BOSTON PROPERTIES INC
101121101
27,906,753.88
4,765,295.82
477,150
11.40
BRANDYWINE REALTY
105368203
5,439,510.00
8,243,439.55
209,385
33.08
BRE PROPERTIES  -CL A
05564E106
6,926,455.79
5,181,638.32
178,000
42.37
CAMDEN PROPERTY TRUST
133131102
7,541,860.00
2,676,843.13
308,900
9.67
CBL & ASSOC PROP
124830100
2,987,062.99
334,614.72
57,262
6.80
CEDAR SHOPPING CENTERS INC
150602209
389,381.61
2,784,201.29
270,876
11.73
COLONIAL PROPERTIES
195872106
3,177,375.46
5,858,707.90
188,273
36.63
CORPORATE OFFICE PROPERTY
22002T108
6,896,439.99
2,472,818.10
312,145
7.63
COUSINS PROPERTIES INC
222795106
2,381,666.29
5,518,951.43
865,695
5.02
DCT INDUSTRIAL TRUST INC
233153105
4,345,788.91
7,874,004.76
413,790
9.26
DEVELOPERS DIVERSIFIED RE
251591103
3,831,695.44
3,405,725.77
348,700
8.47
DIAMONDROCK HOSPITALITY
252784301
2,953,489.01
12,367,565.56
328,443
50.28
DIGITAL REALTY TRUST INC
253868103
16,514,114.04
Instrument:
REAL ESTATE INVESTMENT TRUST
REIT
6,584,785.33
397,500
14.25
DOUGLAS EMMETT INC
25960P109
5,664,375.00
7,291,126.65
544,833
12.17
DUKE RE CORPORATION
264411505
6,630,617.62
1,035,204.46
131,035
17.99
DUPONT FABROS TECHNOLOGY
26613Q106
2,357,319.65
2,594,148.37
69,800
38.28
EASTGROUP PROPERTY INC
277276101
2,671,943.99
1,215,100.91
232,366
4.84
EDUCATION REALTY TRUST INC
28140H104
1,124,651.44
5,260,526.84
112,500
50.47
EQUITY LIFESTYLE PROPERTIES INC
29472R108
5,677,875.01
28,723,891.48
859,426
33.78
EQUITY RESIDENTIAL PROP
29476L107
29,031,410.27
8,029,402.33
82,900
83.65
ESSEX PROPERTY TRUST INC.
297178105
6,934,585.00
3,486,526.24
307,200
11.55
EXTRA SPACE STORAGE INC
30225T102
3,548,160.00
14,296,891.06
196,530
67.72
FEDERAL REALTY INV.
313747206
13,309,011.60
811,481.76
155,300
5.23
FIRST INDUSTRIAL RE
32054K103
812,218.94
117,199.00
10,000
12.57
FIRST POTOMAC REALTY TRUST
33610F109
125,700.00
535,144.96
26,000
22.98
GOVERNMENT PROPERTIES INCOME
38376A103
597,480.00
27,989,999.14
875,100
30.54
HCP INC
40414L109
26,725,554.01
17,503,908.96
398,600
44.32
HEALTH CARE REIT INC
42217K106
17,665,952.00
3,374,207.07
180,200
21.46
HEALTHCARE RLTY TR
421946104
3,867,092.00
221,910.65
99,362
3.14
HERSHA HOSPITALITY TRUST
427825104
311,996.68
6,215,203.17
211,033
33.35
HIGHWOODS PROP INC.
431284108
7,037,950.55
1,493,070.43
48,700
47.71
HOME PROPERTIES OF NY INC.
437306103
2,323,477.00
9,987,973.17
372,700
23.71
HOSPITALITY PROPERTIES
44106M102
8,836,717.01
34,706,774.46
2,054,387
11.67
HOST HOTELS & RESORTS INC
44107P104
23,974,696.32
2,640,851.75
617,448
6.47
HRPT PROPERTIES TRUST
40426W101
3,994,888.56
4,472,376.25
100,577
30.67
KILROY RE CORP
49427F108
3,084,696.59
20,742,305.06
1,014,944
13.53
KIMCO REALTY CORP
49446R109
13,732,192.33
744,286.99
242,312
4.07
KITE REALTY GROUP TRUST
49803T102
986,209.85
2,924,252.34
160,300
21.23
LASALLE HOTEL PROPERTIES
517942108
3,403,168.98
10,739,602.84
360,868
32.01
LIBERTY PROPERTY TRUST
531172104
11,551,384.68
8,918,258.95
247,434
35.95
MACERICH CO
554382101
8,895,252.31
7,885,618.91
236,402
34.57
MACK-CALI RE CORP.
554489104
8,172,417.14
3,171,915.35
89,700
48.28
MID-AMERICAN APARTMENT
59522J103
4,330,716.00
11,507,527.96
383,700
35.18
NATIONWIDE HEALTH PP
638620104
13,498,566.00
Instrument:
REAL ESTATE INVESTMENT TRUST
REIT
65,085.50
5,000
20.82
PARKWAY PROPERTYS INC
70159Q104
104,100.00
1,174,344.67
160,000
8.46
PENNSYLVANIA RI
709102107
1,353,600.01
1,901,444.68
112,894
19.60
POST PROPERTIES,INC.
737464107
2,212,722.42
42,978,315.05
1,296,006
13.69
PROLOGIS TRUST
743410102
17,742,322.14
2,722,627.06
49,200
50.05
PS BUSINESS PARKS INC/CA
69360J107
2,462,460.00
28,178,522.11
433,386
81.45
PUBLIC STORAGE INC
74460D109
35,299,289.70
550,764.75
69,500
9.54
RAMCO-GERSHENSON PPT
751452202
663,030.00
11,958,794.26
249,800
35.06
REGENCY CENTERS CORP
758849103
8,757,987.99
546,743.45
18,119
32.76
SAUL CENTERS INC
804395101
593,578.44
7,696,761.47
400,800
21.87
SENIOR HOUSING PROP TRUST
81721M109
8,765,496.00
60,400,518.00
918,876
79.80
SIMON PROP GROUP INC.
828806109
73,326,304.79
11,351,994.49
248,251
50.24
SL GREEN RE CORP
78440X101
12,472,130.22
1,562,215.86
63,184
35.73
SOVRAN SELF STORAGE
84610H108
2,257,564.32
688,225.35
36,110
19.75
SUN COMMUNITIES INC
866674104
713,172.51
1,818,850.06
304,998
8.88
SUNSTONE HOTEL INVESTORS INC
867892101
2,708,382.22
4,839,410.05
129,000
38.99
TANGER FACTORY OUTLET
875465106
5,029,710.01
3,768,492.19
95,433
35.91
TAUBMAN CENTERS INC
876664103
3,426,999.03
8,921,641.72
449,755
16.44
UDR INC
902653104
7,393,972.19
668,271.49
22,900
32.03
UNIVERSAL HEALTH RLT
91359E105
733,487.00
1,823,534.31
311,100
7.32
U-STORE-IT TRUST
91274F104
2,277,252.02
18,567,735.58
498,700
43.74
VENTAS INC.
92276F100
21,813,138.00
44,164,788.32
584,328
69.94
VORNADO REALTY TRUST
929042109
40,867,900.31
4,432,736.01
145,808
27.55
WASHINGTON RE INV
939653101
4,017,010.39
6,153,187.22
385,000
19.79
WEINGARTEN RE INVST
948741103
7,619,150.03
REAL ESTATE INVESTMENT TRUST  TOTAL
686,962,805.18
657,805,553.54
24,301,764
REITS TOTAL
689,138,384.14
660,147,402.24
24,332,764