Instrument - COM       COMMON STOCK

7-ELEVEN INC                               0.000 SE      817826209     23.9500        31,100.00        461,688.38        744,845.00
ABERCROMBIE & FITCH CO                     1.065 ANF     002896207     46.9500       229,200.00      8,370,926.82     10,760,940.00
ADOBE SYSTEMS INC.                         0.079 ADBE    00724F101Q    62.7400       224,400.00      7,205,976.70     14,078,856.00
ADVANCE AUTO PARTS INC                     0.000 AAP     00751Y106     43.6800       214,000.00      8,671,971.58      9,347,520.00
AES CORP                                   0.000 AES     00130H105     13.6700       787,200.00     15,930,471.99     10,761,024.00
AFFILIATED COMPUTER SERVICES               0.000 ACS     008190100     60.1900       176,700.00      8,780,917.41     10,635,573.00
AFFYMETRIX INC                             0.000 AFFX    00826T108     36.5500        49,800.00      1,103,052.30      1,820,190.00
AKAMAI TECHNOLOGIES                        0.000 AKAM    00971T101     13.0300       131,200.00      1,414,272.25      1,709,536.00
ALLERGAN PHARMACEUTICALS INC.              0.444 AGN     018490102Q    81.0700       218,000.00     13,878,259.52     17,673,260.01
ALLIANCE DATA SYSTEM                       0.000 ADS     018581108     47.4800       153,200.00      6,717,640.88      7,273,936.00
ALLIANT TECHSYSTEMS INC.                   0.000 ATK     018804104     65.3800        69,200.00      4,220,828.19      4,524,296.00
ALLIED WASTE INDUSTRIES                    0.000 AW      019589308      9.2800       335,800.00      3,729,526.15      3,116,224.00
ALTERA CORP                                0.000 ALTR    021441100     20.7000       800,400.00     15,318,531.35     16,568,280.00
AMBAC FINANCIAL GROUP INC.                 0.608 ABK     023139108Q    82.1300        32,000.00      2,010,368.80      2,628,160.00
AMDOCS LIMITED                             0.000 DOX     G02602103     26.2500       157,600.00      4,166,678.12      4,137,000.00
AMERICAN EAGLE OUTFITTERS                  0.509 AEOS    02553E106     47.1000       139,100.00      5,243,508.58      6,551,610.00
AMERICAN POWER CONVERSION                  1.869 APCC    029066107     21.4000        74,000.00      1,424,379.34      1,583,600.00
AMERICAN STANDARD COMPANIES                0.000 ASD     029712106     41.3200       315,300.00      8,089,618.29     13,028,196.00
AMERISOURCEBERGEN CORP                     0.170 ABC     03073E105     58.6800       106,700.00      6,621,638.29      6,261,156.00
AMPHENOL CORP-CL A                         0.081 APH     032095101     36.7400       119,700.00      3,651,230.74      4,397,778.00
AMR CORP.                                  0.000 AMR     001765106     10.9500       927,000.00      8,574,480.70     10,150,650.00
AMYLIN PHARMACEUTICALS INC                 0.000 AMLN    032346108     23.3600       156,900.00      3,482,788.13      3,665,184.00
ANALOG DEVICES                             0.650 ADI     032654105     36.9200       202,900.00      7,621,523.70      7,491,068.00
ANDRX GROUP                                0.000 ADRX    034553107     21.8300       181,100.00      4,231,605.70      3,953,413.00
ANNTAYLOR STORES CORP                      0.000 ANN     036115103     21.5300        56,900.00      1,221,052.71      1,225,057.00
APPLE COMPUTER INC.                        0.000 AAPL    037833100     64.4000       371,600.00     12,075,502.09     23,931,040.00
APPLEBEES INT'L. INC.                      0.226 APPB    037899101     26.4500       302,600.00      6,479,774.37      8,003,770.00
ARAMARK CORP. - CL B                       0.829 RMK     038521100     26.5100        93,800.00      2,293,491.89      2,486,638.00
ARCH COAL INC.                             0.900 ACI     039380100Q    35.5400        53,800.00      1,618,643.73      1,912,052.00
ASK JEEVES INC                             0.000 ASKJ    045174109     26.7500        41,400.00      1,378,562.10      1,107,450.00
ASM LITHOGRAPHY HOLD - NY REG              0.000 ASML    N07059111     15.9100       483,600.00      7,536,689.63      7,694,076.00
AUTODESK INC.                              0.158 ADSK    052769106Q    37.9500       418,800.00      5,095,949.41     15,893,460.00
AUTOLIV, INC                               2.070 ALV     052800109     48.3000       120,600.00      5,695,335.00      5,824,980.00
AUTOZONE INC                               0.000 AZO     053332102     91.3100       108,800.00      8,186,124.76      9,934,528.00
AVAYA INC                                  0.000 AV      053499109     17.2000       754,000.00      8,364,022.42     12,968,800.00
AVERY DENNISON                             2.534 AVY     053611109Q    59.9700       108,100.00      6,081,579.79      6,482,757.00
BAKER HUGHES CORP                          1.078 BHI     057224107Q    42.6700       411,500.00     13,191,040.90     17,558,705.00
BALL CORPORATION                           0.909 BLL     058498106Q    43.9800       148,000.00      4,996,284.69      6,509,040.00
BARD C. R. INC.                            0.750 BCR     067383109Q    63.9800       157,600.00      4,796,494.99     10,083,248.00

Instrument - COM       COMMON STOCK

BARR PHARMACEUTICALS INC.                  0.000 BRL     068306109     45.5400       192,100.00      6,946,499.76      8,748,234.01
BAUSCH & LOMB INC                          0.806 BOL     071707103Q    64.4600        97,400.00      5,469,977.07      6,278,404.00
BEA SYSTEMS INC                            0.000 BEAS    073325102      8.8600       856,800.00      8,088,820.46      7,591,247.99
BECKMAN COULTER INC.                       0.776 BEC     075811109     66.9900       105,200.00      4,715,999.09      7,047,348.00
BED BATH & BEYOND INC                      0.000 BBBY    075896100     39.8300       199,000.00      5,747,400.65      7,926,170.00
BERKLEY (WR) CORP                          0.593 BER     084423102     47.1700        37,700.00      1,660,334.39      1,778,309.00
BIOMET INC.                                0.460 BMET    090613100     43.3900       386,000.00      9,424,905.60     16,748,540.00
BJ SERVICES CO                             0.687 BJS     055482103     46.5400       198,800.00      5,452,024.72      9,252,152.00
BLACK & DECKER                             0.951 BDK     091797100Q    88.3300        44,500.00      1,862,914.29      3,930,685.00
BMC SOFTWARE                               0.000 BMC     055921100     18.6000       312,700.00      6,203,170.97      5,816,219.99
BRIGGS & STRATTON                          1.635 BGG     109043109Q    41.5800        26,800.00        779,682.33      1,114,344.00
BRINKS COMPANY                             0.253 BCO     109696104Q    39.5200        66,100.00      1,559,202.76      2,612,272.00
BROWN & BROWN INC                          0.734 BRO     115236101     43.5500        66,700.00      2,367,404.89      2,904,785.00
C.H.ROBINSON WORLDWIDE INC                 1.080 CHRW    12541W100     55.5200        73,500.00      2,269,208.51      4,080,720.00
CABLEVISION SYSTEMS CORP                   0.000 CVC     12686C109     24.9000       425,100.00      8,985,532.70     10,584,990.00
CADENCE DESIGN SYS INC                     0.000 CDN     127387108     13.8100       310,600.00      4,762,873.45      4,289,386.02
CAPITALSOURCE INC                          0.000 CSE     14055X102     25.6700        34,000.00        825,155.07        872,780.00
CARMAX INC.                                0.000 KMX     143130102     31.0500        64,100.00      1,578,526.73      1,990,305.00
CDW CORP                                   0.542 CDWC    12512N105     66.3500        79,300.00      3,323,015.26      5,261,555.00
CELGENE CORP                               0.000 CELG    151020104     26.5300       141,200.00      2,630,877.20      3,746,036.00
CEPHALON INC                               0.000 CEPH    156708109     50.8800        62,100.00      3,214,460.77      3,159,648.00
CERTEGY INC                                0.562 CEY     156880106     35.5300       180,400.00      5,829,581.97      6,409,612.00
CHARLES RIVER LABORATORIES                 0.000 CRL     159864107     46.0100        45,900.00      1,510,384.49      2,111,859.00
CHEESECAKE FACTORY (THE)                   0.000 CAKE    163072101     32.4700       135,100.00      3,276,644.25      4,386,697.00
CHICAGO MERCANTILE EXCHANGE                0.454 CME     167760107    228.7000        40,500.00      5,596,292.86      9,262,350.00
CHICO'S FAS INC                            0.000 CHS     168615102     45.5300        51,000.00      1,574,283.79      2,322,030.00
CHIRON CORP                                0.000 CHIR    170040109     33.3300       124,400.00      4,075,077.21      4,146,252.00
CHOICEPOINT INC.                           0.000 CPS     170388102     45.9900        89,600.00      3,195,387.77      4,120,704.00
CHURCH & DWIGHT INC                        0.713 CHD     171340102Q    33.6200       184,600.00      5,197,492.01      6,206,252.00
CINTAS CORP                                0.661 CTAS    172908105     43.8600        79,200.00      3,145,337.24      3,473,712.00
CITRIX SYSTEMS INC                         0.000 CTXS    177376100     24.5300        72,400.00      1,571,524.94      1,775,972.00
CLOROX COMPANY                             1.900 CLX     189054109Q    58.9300       160,800.00      7,340,286.03      9,475,944.00
COACH INC                                  0.000 COH     189754104     56.4000       232,500.00      5,527,905.17     13,113,000.00
COMMERCE BANCORP INC                       1.366 CBH     200519106     64.4000        29,500.00      1,656,967.52      1,899,800.00
COMPUWARE CORP                             0.000 CPWR    205638109      6.4700       593,400.00      3,645,903.25      3,839,298.00
COMVERSE TECHNOLOGY INC.                   0.000 CMVT    205862402     24.4500        56,400.00      1,166,959.86      1,378,980.00
CONSOL ENERGY INC.                         1.364 CNX     20854P109     41.0500        70,800.00      2,349,328.27      2,906,340.00
CONSTELLATION BRANDS INC-A                 0.000 STZ     21036P108     46.5100       149,300.00      6,916,414.75      6,943,943.00
COOPER COMPANIES INC.                      0.085 COO     216648402     70.5900        40,000.00      1,496,513.47      2,823,600.00

Instrument - COM       COMMON STOCK

COPART INC                                 0.000 CPRT    217204106     26.3200        81,600.00      1,858,104.69      2,147,712.00
CORPORATE EXECUTIVE BOARD CO               0.448 EXBD    21988R102     66.9400        39,300.00      1,667,127.13      2,630,742.00
COVANCE INC                                0.000 CVD     222816100     38.7500        55,600.00      1,802,697.06      2,154,500.00
COVENTRY HEALTH CARE INC.                  0.000 CVH     222862104     53.0800       197,700.00      8,377,609.55     10,493,916.00
CROWN CASTLE INTL CO                       0.000 CCI     228227104     16.6400       118,900.00      1,524,715.25      1,978,496.00
CYTYC CORPORATION                          0.000 CYTC    232946103     27.5700       264,500.00      5,808,606.17      7,292,265.00
D.R. HORTON INC.                           0.893 DHI     23331A109     40.3100        87,100.00      2,098,782.17      3,511,001.00
DADE BEHRING HOLDINGS INC                  0.000 DADE    23342J206     56.0000        35,800.00      1,456,645.62      2,004,800.00
DARDEN RESTAURANTS INC                     0.288 DRI     237194105     27.7400       180,700.00      4,488,488.41      5,012,618.00
DAVITA INC.                                0.000 DVA     23918K108     39.5300       212,800.00      5,635,563.59      8,411,984.00
DELL INC                                   0.000 DELL    24702R101     42.1400       181,800.00      7,626,055.50      7,661,052.00
DENTSPLY INTERNATIONAL INC.                0.427 XRAY    249030107Q    56.2000        86,600.00      3,487,712.53      4,866,920.00
DEVRY INC.                                 0.000 DV      251893103     17.3600       276,000.00      5,204,808.13      4,791,360.00
DOLLAR GENERAL                             0.770 DG      256669102     20.7700       749,900.00     12,970,963.26     15,575,423.00
DONALDSON CO INC                           0.736 DCI     257651109     32.5800        67,300.00      1,173,468.03      2,192,634.00
DORAL FINANCIAL CORP.                      1.461 DRL     25811P100     49.2500        37,000.00      1,188,688.46      1,822,250.00
DOVER CORP.                                1.526 DOV     260003108Q    41.9400       161,200.00      5,657,696.59      6,760,728.00
DOW JONES & CO INC                         2.322 DJ      260561105Q    43.0600        30,800.00      1,415,592.09      1,326,248.00
DST SYSTEMS INC                            0.000 DST     233326107     52.1200       177,600.00      7,648,305.68      9,256,511.99
DUN & BRADSTREET CORP                      0.000 DNB     26483E100     59.6500        73,700.00      3,063,299.15      4,396,205.00
E*TRADE GROUP INC.                         0.000 ET      269246104     14.9500       535,000.00      6,558,241.28      7,998,250.00
EATON VANCE CORP.                          0.613 EV      278265103     52.1500        47,200.00      1,497,862.14      2,461,480.00
ECOLAB INC                                 0.996 ECL     278865100Q    35.1300       375,900.00      8,550,643.74     13,205,367.00
EDUCATION MANAGEMENT COPR                  0.000 EDMC    28139T101     33.0100        42,500.00      1,020,872.26      1,402,925.00
EDWARDS LIFESCIENCES                       0.000 EW      28176E108     41.2600        60,400.00        993,649.57      2,492,104.00
ENSCO INTL INC                             0.315 ESV     26874Q100     31.7400       339,000.00     10,083,470.00     10,759,860.00
EQUIFAX INC                                0.427 EFX     294429105     28.1000       291,700.00      7,725,806.13      8,196,770.00
ESTEE LAUDER CO.                           0.873 EL      518439104     45.7700        57,900.00      2,325,708.99      2,650,083.00
EXPEDITORS INT'L. WASH INC.                0.393 EXPD    302130109     55.8800        97,500.00      2,214,326.86      5,448,300.00
EXPRESS SCRIPTS                            0.000 ESRX    302182100     76.4400       104,900.00      5,687,695.37      8,018,556.00
FAMILY DOLLAR STORES                       1.088 FDO     307000109Q    31.2300       186,800.00      5,253,669.05      5,833,764.00
FASTENAL CO                                1.007 FAST    311900104     61.5600       130,700.00      5,626,229.33      8,045,892.00
FEDERATED INVESTORS INC.-CL B              1.644 FII     314211103     30.4000       202,800.00      6,021,416.34      6,165,120.00
FIDELITY NATIONAL FINL INC                 2.189 FNF     316326107     45.6700        37,700.00      1,601,396.85      1,721,759.00
FISERV INC. WISCONSIN                      0.000 FISV    337738108     40.1900       131,100.00      3,940,151.28      5,268,909.00
FISHER SCIENTIFIC INT'L.                   0.000 FSH     338032204     62.3800       104,900.00      4,223,463.79      6,543,662.00
FLIR SYSTEMS INC                           0.000 FLIR    302445101     63.7900        33,100.00      1,497,164.00      2,111,449.00
FLORIDA ROCK INDS                          1.343 FRK     341140101S    59.5300        56,000.00      2,964,365.61      3,333,680.00
FMC TECHNOLOGIES INC                       0.000 FTI     30249U101     32.2000       139,000.00      3,186,035.45      4,475,800.00

Instrument - COM       COMMON STOCK

FOOT LOCKER INC                            1.114 FL      344849104     26.9300       303,700.00      7,019,414.46      8,178,641.00
FORTUNE BRANDS INC.                        1.710 FO      349631101Q    77.1800       214,600.00      7,406,255.44     16,562,828.00
FREEPORT MCMORAN CLASS B                   2.615 FCX     35671D857     38.2300       189,000.00      5,316,292.73      7,225,470.00
FREESCALE SEMICONDUCTOR INC -              0.000 FSL.B   35687M206     18.3600       633,099.00      9,519,093.40     11,623,697.64
GALLAGHER (ARTHUR) J & CO.                 3.446 AJG     363576109Q    32.5000       105,900.00      2,561,318.73      3,441,750.00
GEN-PROBE INC                              0.000 GPRO    36866T103     45.2100        39,400.00      1,301,263.80      1,781,274.00
GENWORTH FINANCIAL INC-CL A                0.963 GNW     37247D106     27.0000        94,600.00      2,139,698.55      2,554,200.00
GENZYME CORP. GEN. DIV.                    0.000 GENZ    372917104     58.0700       285,619.00     10,993,100.28     16,585,895.33
GETTY IMAGES INC.                          0.000 GYI     374276103     68.8500       119,700.00      6,547,148.50      8,241,345.00
GRACO INC.                                 1.392 GGG     384109104     37.3500       179,100.00      4,271,327.67      6,689,385.00
GRAINGER W W INC                           1.200 GWW     384802104Q    66.6200        63,100.00      3,936,967.70      4,203,722.00
GRANT PRIDECO INC.                         0.000 GRP     38821G101     20.0500       238,900.00      4,472,015.07      4,789,945.00
H & R BLOCK INC.                           1.795 HRB     093671105Q    49.0000       203,700.00      8,956,766.37      9,981,300.00
HARMAN INTERNATIONAL                       0.039 HAR     413086109    127.0000       122,700.00      7,387,250.03     15,582,900.00
HARRAH'S ENTERTAINMENT INC.                1.973 HET     413619107     66.8900       104,000.00      4,843,769.55      6,956,560.00
HARRIS CORP.                               0.776 HRS     413875105Q    61.7900       119,200.00      6,300,279.52      7,365,367.99
HCC INSURANCE HOLDINGS INC.                1.026 HCC     404132102     33.1200        22,000.00        602,215.74        728,640.00
HEALTH MGMT ASSOCIATES CL A                0.704 HMA     421933102     22.7200       228,600.00      4,394,328.13      5,193,792.00
HENRY SCHEIN INC                           0.000 HSIC    806407102     69.6400        38,600.00      1,996,534.06      2,688,104.00
HERSHEY FOODS CORP.                        1.584 HSY     427866108Q    55.5400       198,000.00      6,604,704.35     10,996,920.00
HILTON HOTELS CORP.                        0.351 HLT     432848109Q    22.7400       566,500.00      8,795,446.48     12,882,210.00
HNI CORP                                   1.300 HNI     404251100     43.0500        55,600.00      1,676,739.52      2,393,580.00
HOVNANIAN ENTERPRISES-A                    0.000 HOV     442487203     49.5200       114,000.00      5,291,694.28      5,645,280.00
HUDSON CITY BANCORP INC                    2.172 HCBK    443683107     36.8200        54,700.00      1,445,077.20      2,014,054.00
HUNT (JB) TRANSPRT SVCS INC                1.070 JBHT    445658107     44.8500        36,100.00      1,017,089.33      1,619,085.00
IDEXX LABS INC.                            0.000 IDXX    45168D104     54.5900        32,700.00      1,132,496.92      1,785,093.00
IDT CORP-CL B                              0.000 IDT     448947309     15.4800        71,000.00      1,187,286.79      1,099,079.99
IMCLONE SYSTEMS                            0.000 IMCL    45245W109     46.0800        61,800.00      2,794,626.13      2,847,744.00
IMS HEALTH INC.                            0.344 RX      449934108     23.2100       438,000.00      8,434,536.13     10,165,980.00
INAMED CORP                                0.000 IMDC    453235103     63.2500        32,700.00      1,544,328.29      2,068,275.00
INGRAM MICRO INC CL A                      0.000 IM      457153104     20.8000       105,400.00      1,925,762.19      2,192,320.00
INTEL CORP.                                1.368 INTC    458140100Q    23.3900       337,700.00      7,764,128.24      7,898,803.00
INTERPUBLIC GROUP                          2.835 IPG     460690100Q    13.4000        76,900.00      1,701,990.40      1,030,460.00
INTL GAME TECHNOLOGY                       1.396 IGT     459902102     34.3800        74,000.00      2,255,711.03      2,544,120.00
INTUIT INC.                                0.000 INTU    461202103     44.0100       119,100.00      4,208,329.57      5,241,591.00
INVESTORS FINANCIAL SERVICES C             0.140 IFIN    461915100     49.9800        61,600.00      1,706,146.32      3,078,768.00
INVITROGEN CORP                            0.000 IVGN    46185R100     67.1300        17,400.00        977,046.01      1,168,062.00
ITT INDUSTRIES INC                         0.805 ITT     450911102     84.4500       103,600.00      6,477,675.99      8,749,020.00
IVAX CORP                                  0.000 IVX     465823102     15.8200       340,300.00      5,551,583.53      5,383,546.00

Instrument - COM       COMMON STOCK

JABIL CIRCUIT INC                          0.000 JBL     466313103     25.5800       181,900.00      4,573,197.48      4,653,002.00
JACOBS ENGINEERING GROUP                   0.000 JEC     469814107     47.7900        99,900.00      3,971,544.73      4,774,221.00
JDS UNIPHASE CORP                          0.000 JDSU    46612J101      3.1700       869,000.00     19,125,874.26      2,754,730.00
JETBLUE AIRWAYS CORP                       0.000 JBLU    477143101     23.2200       112,200.00      2,686,029.47      2,605,284.00
JOHNSON CONTROLS                           1.576 JCI     478366107Q    63.4400        30,100.00      1,136,231.43      1,909,544.00
JUNIPER NETWORKS INC                       0.000 JNPR    48203R104     27.1900       536,300.00      9,477,813.01     14,581,997.00
KINETIC CONCEPTS INC                       0.000 KCI     49460W208     76.3000        70,300.00      3,480,912.04      5,363,890.00
KLA-TENCOR CORP.                           0.000 KLAC    482480100     46.5800       403,600.00     19,604,176.60     18,799,688.00
L-3 COMMUNICATIONS HOLDINGS IN             0.546 LLL     502424104     73.2400        30,700.00      1,604,875.14      2,248,468.00
LA QUINTA INNS INC                         0.770 LQI     50419U202      9.0900       312,500.00      2,686,371.99      2,840,625.00
LABORATORY CRP OF AMER HLDGS               0.000 LH      50540R409     49.8200       254,800.00      9,001,914.49     12,694,136.00
LAUREATE EDUCATION INC                     0.000 LAUR    518613104     44.0900        78,100.00      2,472,621.24      3,443,429.00
LEGG MASON INC.                            0.819 LM      524901105     73.2600       135,100.00      4,860,232.51      9,897,426.00
LEGGETT & PLATT INC                        2.110 LEG     524660107     28.4300        89,400.00      2,138,626.54      2,541,642.00
LENNAR CORPORATION                         0.970 LEN     526057104     56.6800        49,600.00      2,270,256.35      2,811,328.00
LEVEL 3 COMMUNICATIO                       0.000 LVLT    52729N100      3.3900       835,000.00      3,432,809.75      2,830,650.00
LEXMARK INTERNATIONAL INC.                 0.000 LXK     529771107     85.0000        73,400.00      5,234,846.67      6,239,000.00
LIBERTY MEDIA INTL INC-A                   0.000 LBTYA   530719103     46.2300       283,300.00     11,338,395.78     13,096,959.00
LINCARE HOLDINGS INC.                      0.000 LNCR    532791100     42.6500        78,400.00      2,111,219.32      3,343,760.00
LINEAR TECHNOLOGY CORP                     1.032 LLTC    535678106     38.7600       273,800.00     10,098,272.97     10,612,488.01
MANOR CARE INC.                            1.580 HCR     564055101     35.4300       138,800.00      3,865,509.55      4,917,684.00
MANPOWER INC                               0.828 MAN     56418H100     48.3000        34,800.00      1,337,502.88      1,680,840.00
MARKEL CORP                                0.000 MKL     570535104    364.0000         4,700.00      1,375,772.76      1,710,800.00
MARRIOTT INT'L INC CL-A                    0.539 MAR     571903202     62.9800       238,800.00      7,802,470.63     15,039,624.00
McCORMICK & CO                             1.658 MKC     579780206Q    38.6000       197,600.00      5,458,320.99      7,627,360.00
MCAFEE INC                                 0.000 MFE     579064106     28.9300       297,300.00      5,699,964.21      8,600,889.00
MCKESSON CORP                              0.762 MCK     58155Q103Q    31.4600       124,500.00      4,348,955.85      3,916,770.00
MDC HOLDINGS INC                           0.534 MDC     552676108     86.4400        38,800.00      2,452,392.50      3,353,872.00
MEDCO HEALTH SOLUTIONS INC                 0.000 MHS     58405U102     41.6000       191,100.00      3,988,369.80      7,949,760.00
MEDICIS PHARMACEUTICAL CORP                0.341 MRX     584690309     35.1100        68,600.00      1,764,005.21      2,408,546.00
MEDIMMUNE INC                              0.000 MEDI    584699102     27.1100       333,500.00      9,672,178.73      9,041,185.00
MERCURY INTERACTIVE CORP.                  0.000 MERQ    589405109     45.5500       198,100.00      8,546,572.26      9,023,455.00
MEREDITH CORPORATION                       0.885 MDP     589433101Q    54.2000       156,900.00      8,137,780.60      8,503,980.00
METTLER-TOLEDO INTERNATIONAL               0.000 MTD     592688105     51.3100        40,400.00      1,757,271.30      2,072,924.00
MGM MIRAGE                                 0.000 MGG     552953101     72.7400        68,700.00      4,787,801.84      4,997,238.00
MICHAELS STORES                            0.934 MIK     594087108     29.9700        46,700.00        886,401.75      1,399,599.00
MICROCHIP TECHNOLOGY INC.                  0.780 MCHP    595017104     26.6600       414,800.00     10,067,033.96     11,058,568.00
MILLENNIUM PHARMACEUTICALS                 0.000 MLNM    599902103     12.1200       257,700.00      4,679,652.92      3,123,324.00
MILLIPORE CORPORATION                      0.883 MIL     601073109Q    49.8100        47,100.00      1,603,185.48      2,346,051.00

Instrument - COM       COMMON STOCK

MOHAWK INDUSTRIES INC.                     0.000 MHK     608190104     91.2500        24,000.00        974,041.85      2,190,000.00
MOLEX INC                                  0.500 MOLXE   608554101     30.0000       179,700.00      5,444,708.55      5,391,000.00
MONSTER WORLDWIDE INC                      0.000 MNST    611742107     33.6400        93,800.00      4,527,377.48      3,155,432.00
MOODY'S CORPORATION                        0.345 MCO     615369105     86.8500       162,100.00      6,885,694.67     14,078,385.00
MYLAN LABS                                 0.678 MYL     628530107Q    17.6800       426,400.00      7,309,464.10      7,538,752.00
NABORS INDUSTRIES LTD.                     0.000 NBR     G6359F103     51.2900        33,300.00      1,748,889.36      1,707,957.00
NATIONAL INSTRUMENTS CORP.                 0.733 NATI    636518102     27.2500        46,100.00        963,660.65      1,256,225.00
NATIONAL SEMICONDUCTOR CORP.               0.445 NSM     637640103     17.9500       237,900.00      3,365,991.36      4,270,304.99
NATIONAL-OILWELL INC.                      0.000 NOI     637071101     35.2900       283,400.00      9,313,207.11     10,001,186.00
NAVISTAR INTL. CORP.                       0.000 NAV     63934E108     43.9800        21,400.00        715,737.56        941,172.00
NBTY INC.                                  0.000 NTY     628782104     24.0100        67,000.00      1,514,945.58      1,608,670.00
NCR CORPORATION                            0.000 NCR     62886E108     69.2300       171,000.00      6,907,518.75     11,838,330.00
NETWORK APPLIANCE INC.                     0.000 NTAP    64120L104     33.2200       150,200.00      3,075,230.47      4,989,644.00
NEUROCRINE BIOSCIENCES INC                 0.000 NBIX    64125C109     49.3000        26,200.00      1,377,962.07      1,291,660.00
NEW YORK TIMES CO. CL A                    1.519 NYT     650111107Q    40.8000        59,100.00      2,513,790.45      2,411,280.00
NEXTEL PARTNERS INC                        0.000 NXTP    65333F107     19.5400       151,400.00      1,947,596.02      2,958,356.00
NII HOLDINGS INC                           0.000 NIHD    62913F201     47.4500        70,100.00      2,323,121.60      3,326,245.00
NOKIA CORP - ADR                           1.946 NOK     654902204A    15.6700       262,200.00      4,154,919.64      4,108,674.00
NORDSTROM INC                              1.112 JWN     655664100Q    46.7300       263,900.00      9,802,137.59     12,332,047.00
NORTH FORK BANK                            3.050 NFB     659424105     28.8500        56,600.50      1,338,209.14      1,632,924.43
NUCOR CORP                                 0.993 NUE     670346105Q    52.3400        44,900.00      1,106,928.68      2,350,066.00
NVR INC                                    0.000 NVR     62944T105    769.4000        11,600.00      5,856,562.21      8,925,040.00
ONMICARE INC.                              0.260 OCR     681904108     34.6200        78,600.00      2,824,800.05      2,721,132.00
OSHKOSH TRUCK CORPORATION                  0.511 OSK     688239201     68.3800        25,600.00      1,296,611.46      1,750,528.00
OSI PHARMACEUTICALS INC                    0.000 OSIP    671040103     74.8500       108,100.00      5,906,334.79      8,091,285.00
PACIFIC SUNWEAR OF CALIFORNIA              0.000 PSUN    694873100     22.2600       171,800.00      3,336,257.72      3,824,268.00
PACTIV CORPORATION                         0.000 PTV     695257105     25.2900        59,700.00      1,365,926.63      1,509,813.00
PATTERSON COS INC                          0.000 PDCO    703395103     43.3900        76,700.00      1,334,711.07      3,328,013.00
PATTERSON-UTI ENERGY INC                   0.411 PTEN    703481101     19.4500       190,500.00      2,733,956.42      3,705,225.00
PERKIN ELMER INC                           1.245 PKI     714046109Q    22.4900        57,700.00        936,652.66      1,297,673.00
PETCO ANIMAL SUPPLIES INC                  0.000 PETC    716016209     39.4800       143,000.00      4,765,474.75      5,645,640.00
PETSMART INC                               0.337 PETM    716768106     35.5300       277,500.00      5,113,512.76      9,859,575.00
PHARMACEUTICAL PRODUCT DEVELOP             0.000 PPDI    717124101     41.2900        28,200.00        594,154.02      1,164,378.00
PITNEY-BOWES, INC.                         2.636 PBI     724479100Q    46.2800       271,900.00     10,701,622.89     12,583,532.00
PIXAR                                      0.000 PIXR    725811103     85.6100        76,700.00      6,233,118.15      6,566,287.00
POLARIS INDUSTRIES INC.                    1.352 PII     731068102     68.0200       160,900.00      9,153,954.69     10,944,418.00
PRECISION CASTPARTS CORP                   0.182 PCP     740189105     65.6800        95,800.00      5,029,524.44      6,292,144.00
PRIDE INTERNATIONAL INC.                   0.000 PDE     74153Q102     20.5400        66,600.00      1,188,748.22      1,367,964.00
PROTEIN DESIGN LABS INC                    0.000 PDLI    74369L103     20.6600        57,400.00        937,809.70      1,185,884.00

Instrument - COM       COMMON STOCK

PROVIDIAN FINANCIAL CORP                   0.728 PVN     74406A102     16.4700       100,000.00      2,287,846.87      1,647,000.00
PULTE HOMES, INC.                          0.313 PHM     745867101Q    63.8000        38,800.00      1,549,443.54      2,475,440.00
QUALCOMM INC                               0.660 QCOM    747525103     42.4000        99,200.00      4,328,203.00      4,206,080.00
QUEST DIAGNOSTICS INC                      0.627 DGX     74834L100     95.5500       118,700.00      7,979,841.91     11,341,785.00
RADIAN GROUP INC.                          0.150 RDN     750236101     53.2400        28,700.00      1,152,525.25      1,527,988.00
RADIOSHACK CORP                            0.760 RSH     750438103Q    32.8800       196,700.00      5,171,433.25      6,467,496.00
ROBERT HALF INTL INC                       0.815 RHI     770323103     29.4300       150,600.00      3,353,277.25      4,432,158.00
ROCKWELL AUTOMATION INC                    1.332 ROK     773903109Q    49.5500       261,200.00      8,582,382.70     12,942,460.00
ROCKWELL COLLINS                           1.217 COL     774341101     39.4400       305,900.00      8,147,524.16     12,064,696.00
ROHM & HAAS CO                             2.260 ROH     775371107Q    44.2300        19,700.00        783,305.21        871,331.00
ROSS STORES INC                            0.588 ROST    778296103     28.8700       313,100.00      7,367,744.26      9,039,197.00
ROWAN COS.                                 0.000 RDC     779382100     25.9000       172,300.00      3,984,422.79      4,462,570.00
RYDER SYS. INC.                            1.256 R       783549108Q    47.7700       118,800.00      5,731,100.69      5,675,076.00
SANMINA-SCI CORP                           0.000 SANM    800907107      8.4700       284,800.00      3,220,724.80      2,412,256.00
SEALED AIR CORP.                           0.000 SEE     81211K100     53.2700        37,600.00      1,514,272.85      2,002,952.00
SEI INVESTMENTS CO                         0.477 SEIC    784117103     41.9300       163,000.00      4,844,418.15      6,834,590.00
SEPRACOR INC.                              0.000 SEPR    817315104     59.3700       165,000.00      5,665,325.73      9,796,050.00
SERVICEMASTER COMPANY                      3.190 SVM     81760N109     13.7900       144,700.00      1,454,809.88      1,995,413.00
SIGMA-ALDRICH                              1.124 SIAL    826552101Q    60.4600       107,500.00      6,160,709.79      6,499,450.00
SMITH INTERNATIONAL INC                    0.000 SII     832110100     54.4100       189,400.00      8,871,956.81     10,305,254.00
SOLECTRON CORP                             0.000 SLR     834182107      5.3300     1,024,900.00     13,910,255.27      5,462,717.00
SOUTHERN PERU COPPER CORP                  6.985 PCU     843611104     47.2100        47,300.00      2,067,092.73      2,233,033.00
SOUTHWEST AIRLINES                         0.110 LUV     844741108Q    16.2800       393,000.00      5,552,926.47      6,398,040.00
SPECTRASITE INC                            0.000 SSI     84761M104     57.9000        47,000.00      2,107,804.28      2,721,300.00
STARWOOD RESORTS                           1.438 HOT     85590A203     58.4000       186,200.00      8,083,218.78     10,874,080.00
STATION CASINOS INC                        1.536 STN     857689103     54.6800       142,000.00      5,243,119.96      7,764,560.00
STERICYCLE INC                             0.000 SRCL    858912108     45.9500        34,700.00      1,505,963.38      1,594,465.00
STERIS CORP                                0.000 STE     859152100Q    23.7200        75,300.00      1,649,557.27      1,786,116.00
STMICROELECTRONICS NV-NY SHS               0.465 STM     861012102     19.3200       388,300.00      7,431,949.64      7,501,956.00
STORAGE TECHNOLOGY CORP                    0.000 STK     862111200     31.6100       278,200.00      8,665,189.32      8,793,902.00
SUNGARD DATA SYSTEMS                       0.000 SDS     867363103     28.3300       154,900.00      3,690,540.79      4,388,317.00
SYMBOL TECHNOLOGIES INC                    0.115 SBL     871508107     17.3000       239,800.00      4,003,582.38      4,148,540.00
SYNOPSYS INC.                              0.000 SNPS    871607107     19.6200       429,800.00      9,974,424.93      8,432,676.00
SYNOVUS FINANCIAL CORP                     2.424 SNV     87161C105     28.5800       203,600.00      4,832,540.50      5,818,888.00
T ROWE PRICE GROUP INC.                    1.479 TROW    74144T108Q    62.2000       190,800.00      6,966,150.02     11,867,760.00
TAIWAN SEMICONDUCTOR ADR                   0.306 TSM     874039100      8.4900       949,100.00      7,770,042.52      8,057,859.00
TCF FINANCIAL CORP                         2.644 TCB     872275102     32.1400       106,600.00      1,929,955.22      3,426,124.00
TECH DATA CORP                             0.000 TECD    878237106     45.4000        55,500.00      2,393,141.78      2,519,700.00
TEKTRONIX, INC.                            0.794 TEK     879131100Q    30.2100       109,300.00      2,766,628.33      3,301,953.01

Instrument - COM       COMMON STOCK

TELEPHONE & DATA                           0.857 TDS     879433100     76.9500        26,400.00      1,746,142.89      2,031,480.00
TEVA PHARMACEUTICAL INDUSTRIES             0.532 TEVA    2883878       29.8600       154,800.00      3,763,996.85      4,622,328.02
TEXAS INSTRS INC                           0.406 TXN     882508104Q    24.6200       325,000.00      7,615,725.00      8,001,500.00
THERMO ELECTRON CORP.                      0.000 TMO     883556102     30.1900        87,000.00      2,108,267.49      2,626,530.00
TIFFANY & CO                               0.750 TIF     886547108     31.9700        98,700.00      3,277,193.33      3,155,439.00
TIMBERLAND CO CL-A                         0.000 TBL     887100105     62.6700        77,100.00      3,975,186.41      4,831,857.00
TJX COS. INC.                              0.716 TJX     872540109Q    25.1300       104,200.00      2,539,559.26      2,618,546.00
UCBH HOLDINGS INC                          0.349 UCBH    90262T308     45.8200        29,800.00        867,523.97      1,365,436.00
UNITRIN INC.                               3.652 UTR     913275103     45.4500        23,400.00        995,189.32      1,063,530.00
UNIVERSAL HEALTH SERVICES CL B             0.719 UHS     913903100     44.5000        69,000.00      3,056,706.87      3,070,500.00
UNIVISION COMMUNICATIONS                   0.000 UVN     914906102     29.2700        82,600.00      2,562,803.72      2,417,702.00
UTSTARCOM, INC                             0.000 UTSI    918076100     22.1500       299,400.00      8,388,963.96      6,631,710.00
VARIAN MEDICAL SYSTEMS                     0.000 VAR     92220P105     43.2400       250,700.00      7,142,596.60     10,840,268.00
VERISIGN INC                               0.000 VRSN    92343E102     33.5200       184,700.00      2,780,991.09      6,191,144.00
VERITAS SOFTWARE CORPORATION               0.000 VRTS    923436109     28.5500       648,400.00     17,895,629.60     18,511,820.00
WASHINGTON POST CL. B                      0.752 WPO     939640108Q   983.0200         6,800.00      5,713,087.33      6,684,536.00
WATERS CORPORATION                         0.000 WAT     941848103     46.7900       220,000.00      6,693,031.03     10,293,800.00
WATSON PHARMACEUTICALS INC.                0.000 WPI     942683103     32.8100        95,100.00      3,052,614.90      3,120,231.00
WELLPOINT INC.                             0.000 WLP     94973V107    115.0000       226,800.00     17,435,771.18     26,082,000.00
WESTERN DIGITAL CORP                       0.000 WDC     958102105     10.8400       481,100.00      4,730,276.29      5,215,124.00
WESTERN WIRELESS COR                       0.000 WWCA    95988E204     29.3000       101,200.00      2,104,228.80      2,965,160.00
WHOLE FOODS MARKET INC                     0.797 WFMI    966837106     95.3500        19,600.00      1,207,118.27      1,868,860.00
WYNN RESORTS LTD                           0.000 WYNN    983134107     66.9200        40,900.00      1,900,689.83      2,737,028.00
XEROX CORP                                 0.000 XRX     984121103Q    17.0100       322,800.00      5,105,997.71      5,490,828.00
XM SATELLITE RADIO HOLD-CL A               0.000 XMSR    983759101     37.6200       198,500.00      4,238,374.91      7,467,570.00
XTO ENERGY INC.                            0.565 XTO     98385X106     35.3800       131,000.00      2,952,765.18      4,634,780.00
YUM BRANDS, INC.                           0.847 YUM     988498101     47.1800       265,400.00      6,866,386.31     12,521,572.00

Instrument Total           300                                                    52,999,418.50  1,410,027,640.30  1,766,516,628.42

Portfolio Total            300                                                    52,999,418.50  1,410,027,640.30  1,766,516,628.42

