Instrument - COM       COMMON STOCK

99 CENTS ONLY STORES                       0.000 NDN     65440K106     26.8600       125,800.00      2,781,737.16      3,378,988.00
ABERCROMBIE & FITCH CO                     0.000 ANF     002896207     20.4600       215,800.00      5,628,782.20      4,415,268.00
ACXIOM CORP.                               0.000 ACXM    005125109     15.3800       236,700.00      3,942,663.38      3,640,446.00
ADTRAN INC.                                0.000 ADTN    00738A106     32.9000        69,000.00      1,763,031.22      2,270,100.00
ADVANCE PCS                                0.000 ADVP    00790K109     22.2100       167,400.00      4,170,353.71      3,717,954.00
AFFILIATED COMPUTER SERVICES               0.000 ACS     008190100     52.6500       271,200.00      9,812,991.19     14,278,680.00
AGCO CORP.                                 0.000 AG      001084102     22.1000       139,000.00      2,744,668.60      3,071,900.00
ALBEMARLE CORP                             1.968 ALB     012653101     28.4500        32,000.00        836,708.14        910,400.00
AMERICAN EAGLE OUTFITTERS                  0.000 AEOS    02553E106     13.7800       152,600.00      3,902,254.78      2,102,828.00
AMERICAN WATER WORKS                       2.154 AWK     030411102Q    45.4800       251,000.00     11,446,082.74     11,415,480.00
AMETEK INC.                                0.623 AME     031100100Q    38.4900        58,300.00      1,397,230.35      2,243,967.00
AMGEN INC                                  0.000 AMGN    031162100     48.3400        50,000.00      2,560,692.50      2,417,000.00
APPLIED MATERIALS INC.                     0.000 AMAT    038222105     13.0300        55,000.00        886,025.00        716,650.00
APRIA HEALTHCARE GP. INC.                  0.000 AHG     037933108     22.2400        98,200.00      2,297,263.52      2,183,968.00
BARR LABORATORIES INC.                     0.000 BRL     068306109     65.0900        85,100.00      5,695,093.61      5,539,159.00
BECKMAN COULTER INC.                       1.219 BEC     075811109     29.5200        68,900.00      2,445,848.97      2,033,928.00
BISYS GROUP INC.                           0.000 BSG     055472104     15.9000       248,300.00      4,708,311.67      3,947,970.00
BLYTH INC.                                 0.822 BTH     09643P108     26.7600        43,500.00      1,136,811.24      1,164,060.00
BRINKER INTERNATIONAL INC                  0.000 EAT     109641100     32.2500       152,800.00      3,825,057.34      4,927,800.00
BROADWING INC.                             0.000 BRW     111620100      3.5200       406,000.00      8,838,172.91      1,429,120.00
BROWN & BROWN INC                          0.711 BRO     115236101     32.3200       119,000.00      3,720,095.43      3,846,080.00
C.H.ROBINSON WORLDWIDE INC                 1.025 CHRW    12541W100     31.2000       150,100.00      4,117,741.44      4,683,120.00
CABOT MICROELECTRONICS CORPORA             0.000 CCMP    12709P103     47.2000        56,600.00      2,935,435.02      2,671,519.99
CADENCE DESIGN SYS INC                     0.000 CDN     127387108     11.7900       565,300.00     10,064,614.83      6,664,887.00
CAREER EDUCATION CORP                      0.000 CECO    141665109     40.0000        82,500.00      4,102,782.75      3,300,000.00
CARMAX INC.                                0.000 KMX     143130102     17.8800       186,979.00      3,289,837.48      3,343,184.53
CATALINA MARKETING CORP                    0.000 POS     148867104     18.5000        48,500.00      1,370,931.73        897,250.00
CDW COMPUTER CENTERS                       0.000 CDWC    125129106     43.8500       165,100.00      6,521,897.40      7,239,635.00
CEPHALON INC                               0.000 CEPH    156708109     48.6680        88,900.00      4,387,864.86      4,326,585.22
CERTEGY INC                                0.000 CEY     156880106     24.5500       104,300.00      3,011,820.74      2,560,565.00
CHARLES RIVER LABORATORIES                 0.000 CRL     159864107     38.4800       135,900.00      5,388,446.37      5,229,432.00
CHEESECAKE FACTORY (THE)                   0.000 CAKE    163072101     36.1500        92,300.00      2,357,982.61      3,336,645.00
CHOICEPOINT INC.                           0.000 CPS     170388102     39.4900       142,600.00      4,236,169.52      5,631,274.00
CHURCH & DWIGHT INC                        0.985 CHD     171340102Q    30.4300        38,000.00      1,063,956.54      1,156,340.00
CLAIRE'S STORES INC                        0.725 CLE     179584107     22.0700        91,000.00      2,056,314.81      2,008,370.00
COACH INC                                  0.000 COH     189754104     32.9200       185,100.00      3,933,201.19      6,093,492.00
COMMERCE BANCORP INC                       1.528 CBH     200519106     43.1900       118,000.00      3,996,319.45      5,096,420.00
COOPER CAMERON CORP.                       0.000 CAM     216640102     49.8200        99,450.00      5,226,007.09      4,954,599.00
COVANCE INC                                0.000 CVD     222816100     24.5900       144,000.00      2,656,850.58      3,540,960.00

Instrument - COM       COMMON STOCK

CREE INC                                   0.000 CREE    225447101     16.3500       135,000.00      2,906,014.28      2,207,250.00
CROMPTON CORPORATION                       3.361 CK      227116100Q     5.9500       211,000.00      3,083,989.24      1,255,450.00
CYTYC CORPORATION                          0.000 CYTC    232946103     10.2000        85,000.00        747,023.50        867,000.00
DENTSPLY INTERNATIONAL INC.                0.483 XRAY    249030107Q    37.2000       167,100.00      4,576,036.60      6,216,120.00
DEVRY INC.                                 0.000 DV      251893103     16.6100        77,000.00      1,389,794.74      1,278,970.00
DIAL CORP/AZ                               0.785 DL      25247D101Q    20.3700       191,800.00      3,568,251.85      3,906,966.00
DIEBOLD INC                                1.601 DBD     253651103     41.2200       108,100.00      3,082,439.98      4,455,882.00
DOLLAR TREE STORES INC                     0.000 DLTR    256747106     24.5700       192,300.00      5,733,360.60      4,724,811.00
DONALDSON CO INC                           1.000 DCI     257651109     36.0000        78,400.00      2,590,859.22      2,822,400.00
DPL INC                                    6.127 DPL     233293109Q    15.3400        92,800.00      2,173,215.36      1,423,552.00
DREYER'S GRAND ICE CREAM INC               0.338 DRYR    261878102     70.9600        18,748.00      1,330,291.69      1,330,358.08
DST SYSTEMS INC                            0.000 DST     233326107     35.5500       239,500.00      9,754,833.58      8,514,225.00
DUN & BRADSTREET CORP                      0.000 DNB     26483E100     34.4900       132,400.00      3,170,473.74      4,566,476.00
EATON VANCE CORP.                          1.132 EV      278265103     28.2500       123,700.00      3,004,197.63      3,494,525.00
EDUCATION MANAGEMENT COPR                  0.000 EDMC    28139T101     37.6000        62,700.00      2,349,401.14      2,357,520.00
EDWARDS LIFESCIENCES                       0.000 EW      28176E108     25.4700       105,700.00      1,319,170.59      2,692,179.00
ENERGIZER HOLDINGS INC.                    0.000 ENR     29266R108     27.9000       187,500.00      4,154,128.01      5,231,250.00
ENTERCOM COMMUNICATIONS CORP               0.000 ETM     293639100     46.9200       105,600.00      5,213,637.76      4,954,752.00
EQUITABLE RESOURCES INC                    1.940 EQT     294549100     35.0400        94,300.00      3,277,424.54      3,304,272.00
EXPEDITORS INT'L. WASH INC.                0.367 EXPD    302130109     32.6500       184,000.00      3,040,921.88      6,007,600.00
EXPRESS SCRIPTS                            0.000 ESRX    302182100     48.0400       154,500.00      6,152,070.21      7,422,180.00
FASTENAL CO                                0.133 FAST    311900104     37.3900       173,200.00      5,406,528.75      6,475,948.00
FEDERAL SIGNAL CORP                        4.119 FSS     313855108     19.4200        80,300.00      1,614,716.43      1,559,426.00
FIRST HEALTH GROUP CORP.                   0.000 FHCC    320960107     24.3500       193,500.00      4,242,664.16      4,711,725.00
FMC TECHNOLOGIES INC                       0.000 FTI     30249U101     20.4300       153,300.00      2,942,507.38      3,131,919.00
GALLAGHER (ARTHUR) J & CO.                 2.042 AJG     363576109Q    29.3800       152,800.00      3,259,039.13      4,489,264.00
GENTEX CORP.                               0.000 GNTX    371901109     31.6400       134,100.00      3,547,733.65      4,242,924.00
GENZYME CORP. GEN. DIV.                    0.000 GENZ    372917104     29.5700        79,000.00      2,748,178.38      2,336,030.00
GILEAD SCIENCES INC.                       0.000 GILD    375558103     34.0000       493,900.00     12,034,853.44     16,792,600.00
GRAFTECH INTERNATIONAL LTD                 0.000 GTI     384313102      5.9600       111,650.00      1,231,469.41        665,434.00
GTECH HOLDINGS CORP                        0.000 GTK     400518106     27.8600       166,800.00      3,362,858.04      4,647,048.00
HARTE-HANKS INC.                           0.535 HHS     416196103     18.6700       167,400.00      2,777,237.20      3,125,358.00
HEALTH NET                                 0.000 HNT     42222G108     26.4000       201,800.00      4,543,235.52      5,327,520.00
HENRY (JACK) & ASSOCIATES                  1.162 JKHY    426281101     12.0400       112,800.00      1,524,193.65      1,358,112.00
HILLENBRAND IND.                           2.070 HB      431573104Q    48.3100       113,400.00      5,965,001.97      5,478,354.00
HON INDUSTRIES                             1.768 HNI     438092108     28.2800        65,000.00      1,627,413.49      1,838,200.00
HORMEL FOODS CORP                          1.800 HRL     440452100     23.3300       214,500.00      4,275,778.30      5,004,285.00
HUBBELL INC                                3.756 HUB.B   443510201Q    35.1400       107,450.00      3,178,182.30      3,775,793.00
IDEC PHARMACEUTICALS                       0.000 IDPH    449370105     33.1700       306,000.00     11,159,383.97     10,150,020.00

Instrument - COM       COMMON STOCK

IDEXX LABS INC.                            0.000 IDXX    45168D104     32.8500         4,200.00         95,298.20        137,970.00
IMC GLOBAL INC.                            0.749 IGL     449669100Q    10.6700       204,100.00      3,546,739.12      2,177,747.00
INTERNATIONAL SPEEDWAY CORPORA             0.160 ISCA    460335201     37.2900        65,200.00      2,935,264.17      2,431,308.00
INTERNET SECURITY SYSTEMS                  0.000 ISSX    46060X107     18.3300        72,000.00      1,506,018.99      1,319,760.00
INTERSTATE BAKERIES                        1.836 IBC     46072H108     15.2500        39,000.00        751,225.76        594,750.00
INVESTMENT TECHNOLOGY GROUP IN             0.000 ITG     46145F105     22.3600        87,400.00      2,905,953.27      1,954,264.00
INVESTORS FINANCIAL SERVICES C             0.182 IFIN    461915100     27.3900       114,000.00      2,789,082.43      3,122,460.00
IVAX CORP                                  0.000 IVX     465823102     12.1300       227,500.00      5,287,828.80      2,759,575.00
JACOBS ENGINEERING GROUP                   0.000 JEC     469814107     35.6000        76,800.00      1,565,681.03      2,734,080.00
KRISPY KREME DOUGHNUTS INC                 0.000 KKD     501014104     33.7700        79,100.00      2,843,747.83      2,671,207.00
LAM RESEARCH CORP                          0.000 LRCX    512807108     10.8000       314,800.00      6,312,490.42      3,399,840.00
LANCASTER COLONY CORP                      2.047 LANC    513847103     39.0800        67,500.00      2,237,920.61      2,637,900.00
LEGG MASON INC.                            0.906 LM      524901105     48.5400       114,000.00      4,662,394.76      5,533,560.00
LIFEPOINT HOSPITALS INC.                   0.000 LPNT    53219L109     29.9310        73,800.00      2,654,885.46      2,208,907.80
LINCARE HOLDINGS INC.                      0.000 LNCR    532791100     31.6200       169,800.00      3,916,212.58      5,369,076.00
M&T BANK CORPORATION                       1.512 MTB     55261F104     79.3500       163,000.00     10,674,070.32     12,934,050.00
MACROVISION CORP                           0.000 MVSN    555904101     16.0400        90,000.00      3,612,733.62      1,443,600.00
MANPOWER INC                               0.627 MAN     56418H100     31.9000       149,900.00      5,068,803.06      4,781,810.00
McCORMICK & CO                             1.896 MKC     579780206Q    23.2000       247,100.00      4,547,805.82      5,732,720.00
MEDIMMUNE INC                              0.000 MEDI    584699102     27.1700        92,500.00      2,467,319.00      2,513,225.00
MENTOR GRAPHICS CORP.                      0.000 MENT    587200106      7.8600       160,000.00      1,142,109.85      1,257,600.00
MICHAELS STORES                            0.000 MIK     594087108     31.3000       123,400.00      4,131,112.71      3,862,419.99
MICREL INCORPORATED                        0.000 MCRL    594793101      8.9800       171,200.00      2,823,703.58      1,537,376.03
MICROCHIP TECHNOLOGY INC.                  0.327 MCHP    595017104     24.4500       410,800.00      8,079,894.68     10,044,060.01
MICROSOFT CORP.                            0.154 MSFT    594918104     51.7000        47,500.00      2,446,803.00      2,455,750.00
MILLER (HERMAN) INC                        0.815 MLHR    600544100     18.4000        99,200.00      2,036,135.83      1,825,280.00
MURPHY OIL CORP                            1.867 MUR     626717102Q    42.8500       173,800.00      4,319,306.13      7,447,330.00
MYLAN LABS                                 0.573 MYL     628530107Q    34.9000       171,800.00      5,032,678.90      5,995,820.00
NATIONAL INSTRUMENTS CORP.                 0.000 NATI    636518102     32.4900        72,000.00      2,116,466.84      2,339,280.00
NETWORKS ASSOCIATES INC.                   0.000 NET     640938106     16.0900       302,800.00      3,507,887.38      4,872,052.00
NEUBERGER BERMAN INC                       0.895 NEU     641234109     33.4900       145,000.00      6,189,472.37      4,856,050.00
NEW YORK COMMUNITY BANCORP                 2.770 NYB     649445103     28.8800       165,400.00      4,004,857.92      4,776,752.00
NORDSON CORP                               2.416 NDSN    655663102     24.8300        31,500.00        855,877.10        782,145.00
NPS PHARMACEUTICALS INC.                   0.000 NPSP    62936P103     25.1700       120,000.00      2,768,884.35      3,020,400.00
OUTBACK STEAKHOUSE INC                     1.393 OSI     689899102     34.4400       140,200.00      4,270,336.60      4,828,488.00
OVERTURE SERVICES INC                      0.000 OVER    69039R100     27.3100       108,000.00      3,059,424.00      2,949,480.00
OXFORD HEALTH PLANS                        0.000 OHP     691471106     36.4500       167,500.00      5,262,072.40      6,105,375.00
PACKAGING CORP OF AMERICA                  0.000 PKG     695156109     18.2400       194,000.00      3,670,673.64      3,538,560.00
PAPA JOHN'S INTERNATIONAL                  0.000 PZZA    698813102     27.8800        24,000.00        714,559.20        669,120.00

Instrument - COM       COMMON STOCK

PATTERSON DENTAL COMPANY                   0.000 PDCO    703412106     43.7400       127,400.00      4,514,555.11      5,572,476.00
PATTERSON-UTI ENERGY INC                   0.000 PTEN    703481101     30.1700       142,400.00      3,135,734.93      4,296,208.00
PETSMART INC                               0.000 PETM    716768106     17.1300       239,900.00      3,126,160.89      4,109,487.00
PIER 1 IMPORTS INC/DEL                     1.267 PIR     720279108     18.9300       168,000.00      2,498,740.30      3,180,240.00
PLANTRONICS INC.                           0.000 PLT     727493108     15.1300        55,700.00      1,166,728.62        842,741.00
READERS DIGEST ASSOCIATION                 1.324 RDA     755267101     15.1000       127,800.00      4,363,213.13      1,929,780.00
REYNOLDS & REYNOLDS CL-A                   1.727 REY     761695105     25.4700       106,800.00      2,702,598.75      2,720,196.00
RF MICRO-DEVICES                           0.000 RFMD    749941100      7.3300       422,000.00      5,930,225.64      3,093,259.98
ROLLINS INC                                0.785 ROL     775711104     25.4500        13,900.00        283,470.59        353,755.00
ROSLYN BANCORP INC                         3.105 RSLN    778162107     18.0300       134,100.00      2,448,475.10      2,417,823.00
ROSS STORES INC                            0.448 ROST    778296103     42.3900       142,400.00      4,174,232.62      6,036,336.00
SANDISK CORP                               0.000 SNDK    80004C101     20.3000       129,000.00      3,090,089.43      2,618,700.00
SCHOLASTIC CORP                            0.000 SCHL    807066105     35.9500        52,900.00      2,096,182.19      1,901,755.00
SEI INVESTMENTS CO                         0.441 SEIC    784117103     27.1800       214,700.00      4,847,494.87      5,835,546.00
SEMTECH CORPORATION                        0.000 SMTC    816850101     10.9200       134,700.00      3,518,436.32      1,470,924.00
SENSIENT TECHNOLOGIES                      2.492 SXT     81725T100Q    22.4700        60,000.00      1,033,225.92      1,348,200.00
SEPRACOR INC.                              0.000 SEPR    817315104      9.6700        73,000.00      3,907,701.11        705,910.00
SICOR INC                                  0.000 SCRI    825846108     15.8500       219,800.00      3,396,858.95      3,483,830.00
SMITH INTERNATIONAL INC                    0.000 SII     832110100     32.6200       185,400.00      5,134,775.14      6,047,748.00
SOLUTIA INC.                               1.101 SOI     834376105      3.6300       186,000.00      2,540,882.67        675,180.00
SONOCO PRODUCTS CO                         3.663 SON     835495102     22.9300       161,100.00      4,404,708.70      3,694,023.00
STERIS CORP                                0.000 STE     859152100Q    24.2500       172,700.00      3,753,533.61      4,187,975.00
SYMANTEC CORP                              0.000 SYMC    871503108     40.5100       332,500.00      9,177,539.90     13,469,575.00
SYNOPSYS INC.                              0.000 SNPS    871607107     46.1500       141,000.00      7,086,677.75      6,507,150.00
TCF FINANCIAL CORP                         2.632 TCB     872275102     43.6900       128,100.00      4,121,697.82      5,596,689.00
TECHNE CORPORATION                         0.000 TECH    878377100     28.5680         5,000.00        160,889.90        142,840.00
TERADYNE INC                               0.000 TER     880770102     13.0100       100,000.00      1,556,482.58      1,301,000.00
TIMBERLAND CO CL-A                         0.000 TBL     887100105     35.6100        67,100.00      1,865,463.06      2,389,431.00
TITAN CORP                                 0.000 TTN     888266103     10.4000       144,000.00      2,139,724.70      1,497,600.00
TOOTSIE ROLL INDUSTRIES, INC.              0.912 TR      890516107Q    30.6800        39,700.00      1,744,551.61      1,217,996.00
TRIMERIS INC                               0.000 TRMS    896263100     43.0900        77,600.00      3,334,962.72      3,343,784.00
UNIVERSAL HEALTH SERVICES CL B             0.000 UHS     913903100     45.1000       112,600.00      4,806,426.70      5,078,260.00
UNIVISION COMMUNICATIONS                   0.000 UVN     914906102     24.5000       219,000.00      5,667,720.00      5,365,500.00
VALASSIS COMMUNICATIONS INC                0.000 VCI     918866104     29.4300        55,400.00      1,796,369.25      1,630,422.00
VALSPAR CORP                               1.358 VAL     920355104     44.1800        98,800.00      3,949,466.48      4,364,984.00
VARIAN INC.                                0.000 VARI    922206107     28.6900        50,300.00      1,643,429.96      1,443,107.00
VARIAN MEDICAL SYSTEMS                     0.000 VAR     92220P105     49.6000       187,500.00      6,278,263.62      9,299,999.99
VERTEX PHARMAREUTICALS INC                 0.000 VRTX    92532F100     15.8500       274,800.00      8,308,227.87      4,355,580.00
VIAD CORP                                  1.610 VVI     92552R109     22.3500       115,800.00      2,957,235.54      2,588,130.00

Instrument - COM       COMMON STOCK

WADDELL & REED FINANCIAL-CL A              2.694 WDR     930059100     19.6700       172,900.00      4,739,152.28      3,400,943.00
WASHINGTON POST CL. B                      0.785 WPO     939640108Q   738.0000        17,958.00     10,144,960.90     13,253,004.00
WEATHERFORD INTERNATIONAL, LTD             0.000 WFT     G95089101     39.9300       238,300.00      6,400,693.16      9,515,319.00
WESTAMERICA BANCORPORATION                 2.389 WABC    957090103     40.1800        45,500.00      1,481,231.67      1,828,190.00
WESTERN GAS RESOURCES INC                  0.542 WGR     958259103     36.8500        61,000.00      2,251,969.31      2,247,850.00
WESTWOOD ONE                               0.000 WON     961815107     37.3600       211,300.00      4,582,623.11      7,894,168.00
WHOLE FOODS MARKET INC                     0.000 WFMI    966837106     52.7300       100,300.00      3,748,323.48      5,288,819.00
WILLIAMS-SONOMA INC                        0.000 WSM     969904101     27.1500       209,600.00      3,164,102.91      5,690,640.00
WILMINGTON TRUST CO, DELAWARE              3.219 WL      971807102Q    31.6800        93,100.00      1,774,147.18      2,949,408.00
XTO ENERGY INC.                            0.161 XTO     98385X106     24.7000       232,000.00      3,598,067.49      5,730,400.00

Instrument Total           166                                                    23,394,935.00    620,678,718.65    650,063,752.62

Portfolio Total            166                                                    23,394,935.00    620,678,718.65    650,063,752.62

