Instrument - COM       COMMON STOCK

3M COMPANY                                 2.011 MMM     88579Y101Q   123.3000       305,000.00     30,098,273.57     37,606,500.00
ABBOTT LABORATORIES                        2.350 ABT     002824100Q    40.0000     1,136,000.00     34,561,398.08     45,440,000.00
ADOBE SYSTEMS INC.                         0.201 ADBE    00724F101Q    24.8010       230,000.00      6,548,258.09      5,704,230.00
ALLERGAN PHARMACEUTICALS INC.              0.624 AGN     018490102Q    57.6200       146,000.00      8,707,273.82      8,412,520.00
ALTERA CORP                                0.000 ALTR    021441100     12.3300       385,000.00      6,311,148.22      4,747,050.01
AMERICAN EXPRESS CO.                       0.905 AXP     025816109Q    35.3500     1,000,000.00     36,811,458.80     35,350,000.00
AMERICAN STANDARD COMPANIES                0.000 ASD     029712106     71.1400        25,000.00      1,176,469.02      1,778,500.00
AMGEN INC                                  0.000 AMGN    031162100     48.3400     1,009,720.00     37,545,312.34     48,809,864.80
ANALOG DEVICES                             0.000 ADI     032654105     23.8700       120,000.00      5,546,689.87      2,864,400.00
ANHEUSER-BUSCH                             1.611 BUD     035229103Q    48.4000       555,000.00     18,730,435.88     26,862,000.00
APOLLO GROUP INC                           0.000 APOL    037604105     44.0000       100,000.00      2,129,289.85      4,400,000.00
APPLERA CORP - APPLIED BIOSYST             0.969 ABI     038020103Q    17.5400       255,900.00      7,444,400.96      4,488,486.00
APPLIED MATERIALS INC.                     0.000 AMAT    038222105     13.0300       900,000.00     21,268,674.08     11,727,000.00
AUTOMATIC DATA PROC.                       1.222 ADP     053015103Q    39.2500       400,000.00     15,402,908.86     15,700,000.00
AUTOZONE INC                               0.000 AZO     053332102     70.6500        51,000.00      3,491,474.43      3,603,150.00
AVERY DENNISON                             2.357 AVY     053611109Q    61.0800        40,000.00      2,315,141.06      2,443,200.00
AVON PRODUCTS                              1.485 AVP     054303102Q    53.8700       163,000.00      4,750,074.50      8,780,810.00
BALL CORPORATION                           0.703 BLL     058498106Q    51.1900        45,000.00      2,355,124.50      2,303,550.00
BANK OF NEW YORK CO, INC                   3.172 BK      064057102Q    23.9600        60,000.00      2,071,117.50      1,437,600.00
BAXTER INTL                                2.071 BAX     071813109Q    28.0000       485,000.00     14,462,104.93     13,580,000.00
BED BATH & BEYOND INC                      0.000 BBBY    075896100     34.5300       258,000.00      6,075,991.01      8,908,740.00
BEST BUY COMPANY INC                       0.000 BBY     086516101     24.1500       230,000.00      6,213,625.53      5,554,500.00
BIOGEN INC.                                0.000 BGEN    090597105     40.0600       160,900.00      7,266,074.94      6,445,654.00
BIOMET INC.                                0.348 BMET    090613100     28.6600       248,750.00      5,419,404.56      7,129,175.00
BJ SERVICES CO                             0.000 BJS     055482103     32.3100       151,000.00      3,984,340.69      4,878,810.00
BOSTON SCIENTIFIC CORP.                    0.000 BSX     101137107     42.5200       353,500.00      8,533,075.39     15,030,820.00
BRISTOL-MYERS SQUIBB                       4.838 BMY     110122108Q    23.1500     1,478,000.00     62,395,391.93     34,215,700.00
CAMPBELL SOUP CO.                          2.684 CPB     134429109Q    23.4700       341,000.00     10,506,099.77      8,003,270.00
CARDINAL HEALTH INC.                       0.168 CAH     14149Y108Q    59.1900       320,000.00     13,611,855.32     18,940,800.00
CENDANT CORP.                              0.000 CD      151313103     10.4800       275,000.00      3,815,694.01      2,882,000.00
CHIRON CORP                                0.000 CHIR    170040109     37.6000       112,000.00      3,162,105.01      4,211,200.00
CINTAS CORP                                0.546 CTAS    172908105     45.7500        50,000.00      1,939,355.29      2,287,500.00
CIRRUS LOGIC INC                           0.000 CRUS    172755100      2.8800       135,000.00        906,015.58        388,800.00
CISCO SYSTEMS                              0.000 CSCO    17275R102     13.1000     5,385,000.00    155,394,342.10     70,543,500.00
CITRIX SYSTEMS INC                         0.000 CTXS    177376100     12.3200       213,000.00      2,592,356.77      2,624,160.00
CLEAR CHANNEL COMMUNICATIONS               0.000 CCU     184502102     37.2900        55,000.00      1,975,650.00      2,050,950.00
CLOROX COMPANY                             2.133 CLX     189054109Q    41.2500       106,000.00      4,578,018.30      4,372,500.00
COCA COLA CO.                              1.825 KO      191216100Q    43.8200     1,685,000.00     96,907,597.06     73,836,700.00
COLGATE PALMOLIVE                          1.373 CL      194162103Q    52.4300       353,000.00     12,424,003.65     18,507,790.00

Instrument - COM       COMMON STOCK

CONCORD EFS INC.                           0.000 CE      206197105     15.7400       660,000.00     12,375,662.67     10,388,400.00
CONVERGYS CORPORATION                      0.000 CVG     212485106     15.1500        90,000.00      2,946,670.13      1,363,500.00
COX COMMUNICATIONS                         0.000 COX     224044107     28.4000        55,000.00      1,503,834.00      1,562,000.00
DANAHER CORP                               0.152 DHR     235851102     65.7000        50,000.00      1,959,271.76      3,285,000.00
DEL MONTE FOODS CO                         0.000 DLM     24522P103      7.7000         2,141.46         18,459.67         16,489.25
DELL COMPUTER CORP.                        0.000 DELL    247025109     26.7400     1,837,000.00     67,065,578.27     49,121,380.00
DOLLAR GENERAL                             1.087 DG      256669102     11.9500       234,000.00      3,387,634.65      2,796,300.00
DOW JONES & CO INC                         2.313 DJ      260561105Q    43.2300        11,000.00        609,908.55        475,530.00
DST SYSTEMS INC                            0.000 DST     233326107     35.5500        95,000.00      3,386,780.25      3,377,250.00
EBAY INC                                   0.000 EBAY    278642103     67.8200       215,000.00     12,694,107.85     14,581,300.00
ECOLAB INC                                 1.171 ECL     278865100Q    49.5000        90,000.00      3,292,899.36      4,455,000.00
ELECTRONIC ARTS, INC                       0.000 ERTS    285512109     49.7700       126,000.00      6,997,730.78      6,271,020.00
ELI LILLY & COMPANY                        2.110 LLY     532457108Q    63.5000       765,000.00     36,853,797.00     48,577,500.00
EMERSON ELECTRIC CO                        3.087 EMR     291011104Q    50.8500       350,000.00     13,996,089.87     17,797,500.00
EQUIFAX INC                                0.345 EFX     294429105     23.1400        55,000.00      1,154,298.01      1,272,700.00
FAMILY DOLLAR STORES                       0.833 FDO     307000109Q    31.2100       146,000.00      3,603,691.87      4,556,660.00
FED. NATL. MTG. ASSN.                      2.051 FNM     313586109Q    64.3300       708,000.00     39,421,720.90     45,545,640.00
FIFTH THIRD BANCORP                        1.776 FITB    316773100Q    58.5500       435,000.00     21,556,878.98     25,469,250.00
FIRST DATA CORP                            0.225 FDC     319963104Q    35.4100       490,000.00      8,939,040.53     17,350,900.00
FISERV INC. WISCONSIN                      0.000 FISV    337738108     33.9500       190,000.00      5,773,414.78      6,450,500.00
FOREST LABORATORIES INC.                   0.000 FRX     345838106     98.2200       121,100.00      6,200,615.35     11,894,442.00
FREEPORT MCMORAN CLASS B                   0.000 FCX     35671D857     16.7800        70,000.00      1,106,936.00      1,174,600.00
GAP INC                                    0.579 GPS     364760108Q    15.5200       700,000.00     16,341,793.01     10,864,000.01
GENERAL ELECTRIC CO                        3.121 GE      369604103Q    24.3500     7,302,000.00    204,439,824.40    177,803,700.00
GENERAL MILLS INC                          2.342 GIS     370334104Q    46.9500       220,000.00      9,179,257.22     10,329,000.00
GILEAD SCIENCES INC.                       0.000 GILD    375558103     34.0000        35,000.00      1,220,064.00      1,190,000.00
GILLETTE CO                                2.141 G       375766102Q    30.3600       828,000.00     30,015,689.30     25,138,080.00
GOLDMAN SACHS GROUP INC                    0.704 GS      38141G104     68.1000        25,000.00      1,941,266.40      1,702,500.00
GUIDANT CORP.                              0.000 GDT     401698105Q    30.8500       171,300.00      6,277,531.56      5,284,605.00
H & R BLOCK INC.                           1.791 HRB     093671105Q    40.2000       210,000.00      8,424,179.63      8,442,000.00
HARLEY-DAVIDSON INC                        0.303 HDI     412822108Q    46.2000       245,000.00      9,790,430.33     11,319,000.00
HCA INC                                    0.192 HCA     404119109     41.5000       410,000.00     12,699,025.17     17,015,000.00
HEINZ H. J. CO.                            4.928 HNZ     423074103Q    32.8700       290,000.00      9,885,739.20      9,532,300.00
HERSHEY FOODS CORP.                        1.942 HSY     427866108Q    67.4400        67,000.00      4,139,635.89      4,518,480.00
IMS HEALTH INC.                            0.500 RX      449934108     16.0000       208,000.00      3,381,704.57      3,328,000.00
INTEL CORP.                                0.513 INTC    458140100Q    15.5700     4,589,000.00    125,280,580.00     71,450,730.00
INTERNATL FLAVORS & FRAGRANCES             1.709 IFF     459506101Q    35.1000        30,000.00        965,718.50      1,053,000.00
INTERSIL HOLDINGS CORP                     0.000 ISIL    46069S109     13.9400       195,000.00      4,680,093.46      2,718,300.00
INTL BUS MACH CORP                         0.774 IBM     459200101Q    77.5000     1,172,000.00    107,634,064.96     90,830,000.00

Instrument - COM       COMMON STOCK

INTL GAME TECHNOLOGY                       0.000 IGT     459902102     75.9200        74,700.00      3,905,942.14      5,671,224.00
INTUIT INC.                                0.000 INTU    461202103     46.9200       138,000.00      4,061,955.00      6,474,960.00
JOHNSON & JOHNSON                          1.526 JNJ     478160104Q    53.7100     2,188,000.00     73,947,849.66    117,517,480.00
KELLOGG CO.                                2.947 K       487836108Q    34.2700       195,000.00      6,284,278.10      6,682,650.00
KIMBERLY-CLARK CORP                        2.527 KMB     494368103Q    47.4700       324,000.00     16,731,368.66     15,380,280.00
KING PHARMACEUTICALS                       0.000 KG      495582108     17.1900       128,000.00      4,222,148.20      2,200,320.00
KLA-TENCOR CORP.                           0.000 KLAC    482480100     35.3700        55,000.99      2,054,835.25      1,945,385.36
KOHLS CORP                                 0.000 KSS     500255104     55.9500       277,000.00     13,130,123.18     15,498,149.99
KRAFT FOODS INC - A                        1.541 KFT     50075N104     38.9300        40,000.00      1,582,437.14      1,557,200.00
LEXMARK INTERNATIONAL INC.                 0.000 LXK     529771107     60.5000        98,000.00      5,758,205.70      5,929,000.00
LINEAR TECHNOLOGY CORP                     0.777 LLTC    535678106     25.7200       336,200.00     11,140,476.97      8,647,064.00
LOWE'S COS                                 0.266 LOW     548661107Q    37.5000       566,000.00     15,172,094.22     21,225,000.00
LUCENT TECHNOLOGIES                        0.000 LU      549463107      1.2600     3,353,100.00     46,433,108.27      4,224,906.00
MARSH & MCLENNAN COS.                      2.423 MMC     571748102Q    46.2100       410,000.00     18,786,841.98     18,946,100.00
MASCO CORP.                                2.660 MAS     574599106Q    21.0500        60,000.00      1,474,532.00      1,263,000.00
MATTEL INC.                                0.261 MAT     577081102Q    19.1500       302,000.00      5,924,368.36      5,783,300.00
MAXIM INTGRTD PRDCTS INC.                  0.242 MXIM    57772K101     33.0400       163,000.00      4,960,859.48      5,385,520.00
MAYTAG COMPANY                             2.526 MYG     578592107Q    28.5000         7,000.00        240,520.00        199,500.00
MCGRAW HILL INC                            1.687 MHP     580645109Q    60.4400        95,000.00      4,579,277.37      5,741,800.00
MEDIMMUNE INC                              0.000 MEDI    584699102     27.1700       279,900.00      8,312,634.27      7,604,883.00
MEDTRONIC INC                              0.548 MDT     585055106Q    45.6000       967,500.00     29,451,825.17     44,118,000.00
MELLON NATIONAL CORP.                      1.991 MEL     58551A108Q    26.1100       301,000.00      9,682,772.24      7,859,110.00
MERCK & CO INC                             2.543 MRK     589331107Q    56.6100     1,575,000.00     74,528,037.83     89,160,750.00
MERCURY INTERACTIVE CORP.                  0.000 MERQ    589405109     29.6500       100,000.00      2,954,830.00      2,965,000.00
MEREDITH CORPORATION                       0.875 MDP     589433101Q    41.1100        36,000.00      1,582,128.00      1,479,960.00
MICROCHIP TECHNOLOGY INC.                  0.327 MCHP    595017104     24.4500       125,000.00      2,435,850.50      3,056,250.00
MICROSOFT CORP.                            0.154 MSFT    594918104     51.7000     3,895,000.00    273,936,881.20    201,371,500.00
MILLIPORE CORPORATION                      1.294 MIL     601073109Q    34.0000        35,000.00      1,198,039.50      1,190,000.00
MOODY'S CORPORATION                        0.435 MCO     615369105     41.2900        70,000.00      2,524,889.59      2,890,300.00
NETWORK APPLIANCE INC.                     0.000 NTAP    64120L104     10.0000       490,000.00      5,491,377.38      4,900,000.00
NEW YORK TIMES CO. CL A                    1.180 NYT     650111107Q    45.7300       110,000.00      3,980,417.16      5,030,300.00
NEWELL RUBBERMAID INC.                     2.769 NWL     651229106Q    30.3300        91,000.00      2,762,298.49      2,760,030.00
NEXTEL COMMUNICATIONS CL-A                 0.000 NXTL    65332V103     11.5500       480,000.00     13,997,182.00      5,544,000.00
NORTH FORK BANK                            3.200 NFB     659424105     33.7400        70,000.00      2,032,710.83      2,361,800.00
OMNICOM GROUP                              1.238 OMC     681919106     64.6000       165,000.00     10,160,829.06     10,659,000.00
ORACLE SYS. CORP.                          0.000 ORCL    68389X105     10.8000     3,700,000.00     50,715,636.11     39,960,000.00
PACTIV CORPORATION                         0.000 PTV     695257105     21.8600         4,000.00        121,586.15         87,440.00
PARKER-HANNIFIN CORP.                      1.560 PH      701094104Q    46.1300        36,000.00      1,425,911.60      1,660,680.00
PAYCHEX INC                                1.577 PAYX    704326107     27.9000       165,000.00      4,606,987.09      4,603,500.00

Instrument - COM       COMMON STOCK

PEPSI BOTTLING GROUP INC                   0.155 PBG     713409100     25.7000       250,000.00      6,622,363.20      6,425,000.00
PEPSICO INC.                               1.421 PEP     713448108Q    42.2200     1,324,000.00     43,079,362.78     55,899,280.00
PFIZER INC.                                1.962 PFE     717081103Q    30.5700     4,383,000.00     87,315,405.30    133,988,310.00
PHARMACIA CORPORATION                      1.291 PHA     71713U102     41.8000       952,000.00     36,084,597.40     39,793,600.00
PHILIP MORRIS COS                          6.316 MO      718154107Q    40.5300     1,464,000.00     48,875,019.67     59,335,920.00
PITNEY-BOWES, INC.                         3.613 PBI     724479100Q    32.6600       142,000.00      6,544,493.51      4,637,720.00
PRAXAIR INC.                               1.315 PX      74005P104Q    57.7700       116,300.00      5,374,466.20      6,718,651.00
PROCTER & GAMBLE CO                        1.908 PG      742718109Q    85.9400       910,000.00     56,217,989.20     78,205,400.00
PROGRESSIVE CORP                           0.201 PGR     743315103     49.6300        72,600.00      2,790,085.48      3,603,138.00
QLOGIC CORPORATION                         0.000 QLGC    747277101     34.5100       165,000.00      5,384,059.62      5,694,150.00
QUALCOMM INC                               0.000 QCOM    747525103     36.3900       596,000.00     38,247,581.56     21,688,440.00
RAYTHEON COMPANY                           2.601 RTN     755111507Q    30.7500        40,000.00      1,610,491.25      1,230,000.00
ROBERT HALF INTL INC                       0.000 RHI     770323103     16.1100        58,000.00      1,359,840.55        934,380.00
ROCKWELL COLLINS                           1.547 COL     774341101     23.2600       124,000.00      2,801,933.98      2,884,240.00
SARA LEE CORP.                             2.754 SLE     803111103Q    22.5100       688,000.00     13,024,219.81     15,486,880.00
SCHERING-PLOUGH                            3.063 SGP     806605101Q    22.2000     1,131,000.00     26,212,780.04     25,108,200.00
SCHWAB (CHARLES) CORP                      0.368 SCH     808513105     10.8500       815,000.00     16,507,368.39      8,842,750.00
SIGMA-ALDRICH                              0.739 SIAL    826552101Q    48.7000        51,000.00      2,183,221.43      2,483,700.00
SLM CORP                                   0.962 SLM     78442P106    103.8600       116,000.00      7,550,409.25     12,047,760.00
SPRINT PCS GROUP                           0.000 PCS     852061506      4.3800       750,000.00     18,075,386.04      3,285,000.00
ST JUDE MED. INC.                          0.000 STJ     790849103     39.7200        53,000.00      1,294,582.70      2,105,160.00
STANLEY WORKS                              2.949 SWK     854616109Q    34.5800        70,000.00      2,623,658.71      2,420,600.00
STAPLES INC                                0.000 SPLS    855030102     18.3000       445,000.00      8,336,630.87      8,143,500.00
STARBUCKS CORP.                            0.000 SBUX    855244109     20.3800       265,000.00      5,273,070.66      5,400,700.00
STRYKER CORP.                              0.178 SYK     863667101     67.1200       135,000.00      5,109,227.30      9,061,200.00
SYMBOL TECHNOLOGIES INC                    0.243 SBL     871508107      8.2200       350,000.00      3,318,194.76      2,877,000.00
SYSCO CORP.                                1.477 SYY     871829107Q    29.7900       390,000.00      5,316,741.79     11,618,100.00
TARGET CORP                                0.800 TGT     87612E106Q    30.0000       719,000.00     21,576,036.28     21,570,000.00
TJX COS. INC.                              0.614 TJX     872540109Q    19.5200       258,000.00      3,521,032.84      5,036,160.00
UNITED PARCEL SERVICES INC                 1.204 UPS     911312106     63.0800       813,000.00     54,057,203.06     51,284,040.00
UNITEDHEALTH GROUP INC                     0.035 UNH     91324P102A    83.5000       238,570.00     11,925,453.88     19,920,594.99
UNIVISION COMMUNICATIONS                   0.000 UVN     914906102     24.5000       215,000.00      6,226,904.13      5,267,500.00
UST INC.                                   5.743 UST     902911106Q    33.4300        81,000.00      2,128,142.86      2,707,830.00
VERITAS SOFTWARE CORPORATION               0.000 VRTS    923436109     15.6200       180,000.00      3,209,339.27      2,811,600.00
VERIZON COMMUNICATIONS                     3.974 VZ      92343V104Q    38.7500     1,926,700.00     85,944,824.67     74,659,625.00
WAL MART STORES INC                        0.593 WMT     931142103Q    50.5100     3,160,000.00    114,256,892.43    159,611,600.00
WALGREEN CO.                               0.513 WAG     931422109Q    29.1900       670,000.00     13,603,816.79     19,557,300.00
WHIRLPOOL CORP                             2.604 WHR     963320106Q    52.2200        15,200.00        969,776.92        793,744.00
WRIGLEY WM JR CO                           1.494 WWY     982526105Q    54.8800       105,000.00      3,898,495.01      5,762,400.00

Instrument - COM       COMMON STOCK

WYETH                                      2.459 WYE     983024100Q    37.4000     1,002,000.00     42,559,469.23     37,474,800.00
XILINX INC                                 0.000 XLNX    983919101     20.6000       155,000.00      5,304,179.83      3,193,000.00
YAHOO INC                                  0.000 YHOO    984332106     16.3500       435,000.00     57,434,778.47      7,112,250.00
YUM BRANDS, INC.                           0.000 YUM     988498101     24.2200       254,000.00      5,299,310.02      6,151,880.00
ZIMMER HOLDINGS INC                        0.000 ZMH     98956P102     41.5200       113,290.00      2,657,653.78      4,703,800.80

Instrument Total           161                                                    90,516,372.45  3,114,570,180.87  2,954,225,232.21

Portfolio Total            161                                                    90,516,372.45  3,114,570,180.87  2,954,225,232.21

