Instrument - COM       COMMON STOCK

3COM CORP.                                 0.000 COMS    885535104      4.6300       710,000.00      6,566,989.79      3,287,300.00
ACTIVISION INC                             0.000 ATVI    004930202     14.5900       145,000.00      2,987,305.52      2,115,549.98
ADVANCED FIBRE COMMUNICATION               0.000 AFCI    00754A105     16.6800       171,000.00      4,213,883.04      2,852,280.00
ADVENT SOFTWARE INC                        0.000 ADVS    007974108     13.6300        97,000.00      1,359,787.30      1,322,110.00
AGL RESOURCES INC                          4.444 ATG     001204106     24.3000        78,000.00      1,646,898.55      1,895,400.00
AIRGAS INC                                 0.000 ARG     009363102     17.2500       174,000.00      2,129,619.82      3,001,500.00
AK STEEL HOLDING CORP                      3.125 AKS     001547108      8.0000       280,000.00      2,859,568.29      2,240,000.00
ALEXANDER & BALDWIN INC                    3.489 ALEX    014482103     25.7900       150,000.00      3,880,737.96      3,868,500.00
ALLETE, INC.                               4.850 ALE     018522102     22.6800       230,000.00      4,955,636.79      5,216,400.00
ALLIANT ENERGY CORPORATION                12.084 LNT     018802108     16.5500        50,000.00        825,105.00        827,500.00
ALLMERICA FINANCIAL CORP.                  2.475 AFC     019754100     10.1000       111,000.00      3,830,832.44      1,121,100.00
AMERICAN FINANCIAL GROUP INC.              2.167 AFG     025932104Q    23.0700       149,000.00      3,652,548.82      3,437,430.00
AMERICREDIT CORP.                          0.000 ACF     03060R101      7.7400       320,000.00      4,543,328.35      2,476,800.00
AMERUS GROUP CO                            1.414 AMH     03072M108     28.2700        64,000.00      2,417,733.59      1,809,280.00
ANDRX GROUP                                0.000 ADRX    034553107     14.6700        42,000.00      1,594,615.50        616,140.00
APOGENT TECHNOLOGY                         0.000 AOT     03760A101     20.8000       183,200.00      3,730,295.28      3,810,560.00
AQUILA INC                                39.548 ILA     03840P102      1.7700       343,000.00      6,891,265.33        607,110.00
ARCH COAL INC.                             1.065 ACI     039380100Q    21.5900       117,000.00      2,360,729.91      2,526,030.00
ARROW ELECTRONICS                          0.000 ARW     042735100     12.7900       210,000.00      4,066,962.55      2,685,900.00
ARVINMERITOR INC.                          2.399 ARM     043353101     16.6700       139,000.00      3,445,329.04      2,317,130.00
ASCENTIAL SOFTWARE CORP                    0.000 ASCL    04362P108      2.4000       443,000.00      2,484,425.10      1,063,200.00
ASSOCIATED BANC-CORP.                      3.653 ASBC    045487105     33.9400       119,000.00      3,462,463.93      4,038,860.00
ASTORIA FINANCIAL CORP.                    2.946 AF      046265104     27.1500       160,000.00      3,596,349.20      4,344,000.00
ATMEL CORP                                 0.000 ATML    049513104      2.2300     1,000,000.00      7,929,452.52      2,230,000.00
AVNET INC.                                 2.770 AVT     053807103Q    10.8300       340,000.00      6,187,371.46      3,682,200.00
AVOCENT CORPORATION                        0.000 AVCT    053893103     22.2200        85,000.00      2,065,135.71      1,888,700.00
BANDAG INC                                 3.309 BDG     059815100Q    38.6800        27,900.00        980,690.56      1,079,172.00
BANK OF HAWAII CORP                        2.500 BOH     062540109     30.3900       100,000.00      2,566,810.50      3,039,000.00
BANKNORTH GROUP INC.                       2.654 BNK     06646R107     22.6000       245,000.00      4,418,520.80      5,537,000.00
BARNES & NOBLE INC.                        0.000 BKS     067774109     18.0700       152,000.00      4,759,476.38      2,746,640.00
BELO CORP                                  1.407 BLC     080555105Q    21.3200       136,000.00      2,149,041.25      2,899,520.00
BJ'S WHOLESALE CLUB INC.                   0.000 BJ      05548J106     18.3000       133,000.00      2,972,217.26      2,433,900.00
BLACK HILLS CORP                           4.374 BKH     092113109     26.5200        36,000.00      1,216,650.70        954,720.00
BORDERS GROUP INC                          0.000 BGP     099709107     16.1000       184,000.00      3,639,834.27      2,962,400.00
BORG WARNER INC.                           1.428 BWA     099724106     50.4200        49,000.00      2,369,624.90      2,470,580.00
BOWATER INC.                               1.907 BOW     102183100Q    41.9500       125,000.00      5,963,130.50      5,243,750.00
CABOT CORP                                 1.959 CBT     127055101     26.5400       126,000.00      2,831,627.55      3,344,040.00
CALLAWAY GOLF COMPANY                      2.113 ELY     131193104     13.2500       205,000.00      3,107,902.24      2,716,250.00
CARLISLE COS INC                           2.078 CSL     142339100     41.3800        28,000.00      1,354,338.03      1,158,640.00

Instrument - COM       COMMON STOCK

CARPENTER TECHNOLOGY                       2.650 CRS     144285103     12.4500        91,000.00      2,235,041.99      1,132,950.00
CBRL GROUP INC.                            0.066 CBRL    12489V106Q    30.1300        56,000.00        745,876.16      1,687,280.00
CEDAR FAIR LP                              7.118 FUN     150185106     23.6000        60,000.00      1,245,693.05      1,416,000.00
CERIDIAN CORP - NEW                        0.000 CEN     156779100     14.4200       256,000.00      5,701,665.47      3,691,520.00
CHARTER COMMUNICATIONS                     0.000 CHTR    16117M107      1.1800     1,700,000.00      5,775,081.34      2,006,000.00
CHECKFREE CORP                             0.000 CKFR    162813109     16.0010       140,000.00      4,485,040.48      2,240,140.00
CIMAREX ENERGY                             0.000 XEC     171798101     17.9000        50,000.00        736,822.64        895,000.00
CIRRUS LOGIC INC                           0.000 CRUS    172755100      2.8800       364,000.00      2,524,503.14      1,048,320.01
CITY NATIONAL CORP                         1.773 CYN     178566105     43.9900       106,000.00      4,194,295.78      4,662,940.00
CLAYTON HOMES INC.                         0.492 CMH     184190106Q    12.1800       375,000.00      4,137,591.79      4,567,500.00
CLECO CORP. HOLDING CO.                    6.428 CNL     12561W105     14.0000       149,000.00      2,791,627.16      2,086,000.00
CNF TRANSPORTATION                         1.203 CNF     12612W104Q    33.2400        72,000.00      2,227,017.36      2,393,280.00
COLONIAL BANCGROUP INC.                    4.694 CNB     195493309     11.9300       221,000.00      3,125,549.14      2,636,530.00
COMMSCOPE INC.                             0.000 CTV     203372107      7.9000       139,000.00      1,949,766.22      1,098,100.00
COMPASS BANCSHARES INC                     3.198 CBSS    20449H109     31.2700       213,000.00      4,388,120.72      6,660,510.00
CONSTELLATION BRANDS INC-A                 0.000 STZ     21036P108     23.7100       154,000.00      3,414,320.92      3,651,340.00
CONVERGYS CORPORATION                      0.000 CVG     212485106     15.1500        50,000.00      1,268,139.00        757,500.00
COPART INC                                 0.000 CPRT    217204106     11.8400       174,000.00      2,936,170.24      2,060,160.00
CREDENCE SYSTEMS CORP                      0.000 CMOS    225302108      9.3300       146,000.00      4,673,279.71      1,362,180.00
CROMPTON CORPORATION                       3.361 CK      227116100Q     5.9500        50,000.00        785,526.40        297,500.00
CTS CORP.                                  1.548 CTS     126501105      7.7500       130,000.00      2,407,563.26      1,007,500.00
CYPRESS SEMICONDUCTOR CORP                 0.000 CY      232806109      5.7200       256,000.00      4,000,759.60      1,464,320.02
CYTEC INDUSTRIES                           0.000 CYT     232820100Q    27.2800        74,000.00      2,453,506.65      2,018,720.00
D.R. HORTON INC.                           1.383 DHI     23331A109     17.3500       146,000.00      2,631,595.24      2,533,100.00
DANA CORP                                  0.340 DCN     235811106Q    11.7600        46,000.00        858,363.68        540,960.00
DEAN FOODS CO                              0.000 DF      242370104     37.1000       180,000.00      4,184,315.94      6,678,000.00
DOLE FOOD COMPANY INC                      1.841 DOL     256605106Q    32.5800       121,000.00      2,327,703.12      3,942,180.00
DSP GROUP INC.                             0.000 DSPG    23332B106     15.8200        90,000.00      2,147,427.87      1,423,800.00
DUQUESNE LIGHT COMPANY                     6.561 DQE     23329J104Q    15.2400       134,000.00      3,271,518.59      2,042,160.00
DYCOM INDUSTRIES INC.                      0.000 DY      267475101     13.2500        87,000.00        823,797.42      1,152,750.00
E*TRADE GROUP INC.                         0.000 ET      269246104      4.8600       875,000.00     13,678,705.07      4,252,500.00
EDWARDS (A.G.) INC                         1.941 AGE     281760108     32.9600       166,000.00      5,515,279.56      5,471,360.00
EMMIS COMMUNICATIONS CL A                  0.000 EMMS    291525103     20.8300       150,000.00      3,533,860.71      3,124,500.00
ENCORE ACQUISITION CO                      0.000 EAC     29255W100     18.4200        35,000.00        473,445.00        644,700.00
ENERGY EAST CORP.                          4.526 EAS     29266M109     22.0900       311,000.00      7,123,576.50      6,869,990.00
ENSCO INTL INC                             0.339 ESV     26874Q100     29.4500       303,000.00      8,581,826.01      8,923,350.00
EVEREST RE GROUP LTD.                      0.578 RE      G3223R108     55.3000        93,000.00      3,683,922.27      5,142,900.00
EXTENDED STAY AMERICA INC                  0.000 ESA     30224P101     14.7500       125,000.00      2,097,713.44      1,843,750.00
FAIRCHILD SEMICONDUTOR CORP                0.000 FCS     303726103     10.7100       251,000.00      5,404,634.71      2,688,210.00

Instrument - COM       COMMON STOCK

FEI COMPANY                                0.000 FEIC    30241L109     15.2900        61,000.00      1,697,864.63        932,689.99
FERRO CORP                                 2.374 FOE     315405100Q    24.4300        78,000.00      2,094,456.84      1,905,540.00
FIDELITY NATIONAL FINL INC                 1.462 FNF     316326107     32.8300       154,000.00      3,145,514.89      5,055,820.00
FIRST VIRGINIA BANKS INC                   3.008 FVB     337477103     37.2300       106,500.00      3,163,187.56      3,964,995.00
FIRSTMERIT CORPORATION                     4.616 FMER    337915102     21.6600       175,000.00      3,254,363.38      3,790,500.00
FLOWSERVE CORP.                            0.000 FLS     34354P105Q    14.7900        56,000.00      1,079,184.09        828,240.00
FMC CORP.                                  0.000 FMC     302491303     27.3200        66,000.00      1,955,699.74      1,803,120.00
FOREST OIL CORP.                           0.000 FST     346091705     27.6500        87,000.00      2,300,675.16      2,405,550.00
FULLER H B CO                              1.700 FUL     359694106Q    25.8800        27,000.00        678,775.10        698,760.00
FURNITURE BRANDS INTERNATIONAL             0.000 FBN     360921100     23.8500       130,000.00      2,495,932.39      3,100,500.00
GATX CORP                                  5.609 GMT     361448103     22.8200       160,000.00      6,036,423.53      3,651,200.00
GEMSTAR-TV GUIDE INTL INC                  0.000 GMSTE   36866W106      3.2500       325,000.00      3,295,651.20      1,056,250.00
GLATFELTER                                 5.319 GLT     377316104     13.1600        80,000.00      1,098,241.88      1,052,800.00
GOODYEAR T & R                             7.048 GT      382550101Q     6.8100       100,000.00        896,670.25        681,000.00
GRANITE CONSTRUCTION INC                   2.064 GVA     387328107     15.5000        77,000.00      1,480,533.76      1,193,500.00
GRANT PRIDECO INC.                         0.000 GRP     38821G101     11.6400       287,000.00      3,147,782.56      3,340,680.00
GREAT PLAINS ENERGY INC                    7.255 GXP     391164100     22.8800       137,500.00      3,311,395.09      3,146,000.00
GREATER BAY BANCORP                        2.891 GBBK    391648102     17.2900       118,000.00      2,720,874.80      2,040,220.00
GREENPOINT FINANCIAL                       2.213 GPT     395384100     45.1800       168,000.00      5,686,333.73      7,590,240.00
GREIF BROS. CORP. CL A                     2.352 GEF     397624107     23.8000        40,000.00      1,202,770.61        952,000.00
GULFMARK OFFSHORE INC                      0.000 GMRK    402629109     14.7500        42,000.00        612,307.37        619,500.00
HANOVER COMPRESSOR COMPANY                 0.000 HC      410768105      9.1800       300,000.00      7,248,884.62      2,754,000.00
HARRIS CORP.                               1.216 HRS     413875105Q    26.3000       141,000.00      4,399,043.11      3,708,300.00
HARSCO CORP                                3.292 HSC     415864107Q    31.8900        95,000.00      2,218,707.53      3,029,550.00
HAWAIIAN ELECTRIC INDS                     5.638 HE      419870100     43.9800        15,000.00        549,056.03        659,700.00
HCC INSURANCE HOLDINGS INC.                1.056 HCC     404132102     24.6000       102,000.00      2,476,337.69      2,509,200.00
HELMERICH & PAYNE, INC                     1.146 HP      423452101Q    27.9100        87,000.00      2,014,268.41      2,428,170.00
HENRY SCHEIN INC                           0.000 HSIC    806407102     45.0000        83,000.00      3,505,875.97      3,735,000.00
HIBERNIA CORP CL-A                         3.115 HIB     428656102     19.2600       258,000.00      3,147,262.20      4,969,080.00
HISPANIC BROADCASTING A                    0.000 HSP     43357B104     20.5500       109,000.00      3,191,046.45      2,239,950.00
HORACE MANN EDUCATORS                      2.739 HMN     440327104Q    15.3300       150,000.00      2,171,005.84      2,299,500.00
HUNT (JB) TRANSPRT SVCS INC                0.000 JBHT    445658107     29.3000        55,000.00      1,165,569.58      1,611,500.00
ICN PHARMACEUTICALS                        2.841 ICN     448924100Q    10.9100       219,000.00      4,727,514.58      2,389,290.00
IDACORP, INC.                              7.490 IDA     451107106     24.8300        60,000.00      2,819,125.42      1,489,800.00
IMATION CORP                               0.000 IMN     45245A107     35.0800        44,000.00        963,503.71      1,543,520.00
INCYTE GENOMICS, INC.                      0.000 INCY    45337C102      4.5600       122,000.00      1,945,636.68        556,320.00
INDEPENDENCE COMMUNITY BANK                2.206 ICBC    453414104     25.3800        87,000.00      1,986,563.99      2,208,060.00
INDYMAC BANCORP INC                        0.000 NDE     456607100     18.4900        88,000.00      2,371,357.78      1,627,120.00
INFOCUS CORPORATION                        0.000 INFS    45665B106      6.1600       128,000.00      1,958,725.77        788,480.00

Instrument - COM       COMMON STOCK

INSITUFORM TECHNOLOGIES CL A               0.000 INSU    457667103     17.0500        70,000.00      1,608,266.50      1,193,500.00
INTEGRATED DEVICE TECH INC                 0.000 IDTI    458118106      8.3700       232,000.00      6,776,077.71      1,941,840.00
INTERNATIONAL RECTIFIER CORP               0.000 IRF     460254105     18.4600       138,000.00      3,963,154.23      2,547,480.00
INTERSIL HOLDINGS CORP                     0.000 ISIL    46069S109     13.9400       282,000.00      6,822,435.64      3,931,080.01
JDS UNIPHASE CORP                          0.000 JDSU    46612J101      2.4700       200,000.00        513,800.00        494,000.00
JM SMUCKER CO                              2.009 SJM     832696405     39.8100        67,000.00      2,288,663.56      2,667,270.00
JOY GLOBAL INC                             0.000 JOYG    481165108     11.2600       150,000.00      2,457,752.90      1,689,000.00
KAYDON CORP                                2.263 KDN     486587108Q    21.2100        93,000.00      2,250,365.98      1,972,530.00
KEANE INC.                                 0.000 KEA     486665102      8.9900       136,000.00      3,135,437.75      1,222,640.00
KEMET CORP.                                0.000 KEM     488360108      8.7400       148,000.00      2,058,015.59      1,293,520.00
KENNAMETAL INC                             1.972 KMT     489170100     34.4800        90,000.00      2,942,502.91      3,103,200.00
L-3 COMMUNICATIONS HOLDINGS IN             0.000 LLL     502424104     44.9100       183,000.00      8,264,900.37      8,218,530.01
LABRANCHE & CO., INC.                      1.201 LAB     505447102     26.6400       118,000.00      4,444,992.75      3,143,520.00
LAMAR ADVERTISING CO                       0.000 LAMR    512815101     33.6500        25,000.00        933,767.50        841,250.00
LATTICE SEMICON. CORP.                     0.000 LSCC    518415104      8.7700       150,000.00        962,878.00      1,315,500.00
LEAR CORP.                                 0.000 LEA     521865105     33.2800       114,000.00      4,459,207.24      3,793,920.00
LEE ENTERPRISES                            2.028 LEE     523768109     33.5200        50,000.00      1,705,108.80      1,676,000.00
LEGATO SYSTEMS INC.                        0.000 LGTO    524651106      5.0300       219,000.00      1,034,854.99      1,101,570.00
LENNAR CORPORATION                         0.096 LEN     526057104     51.6000        55,000.00      2,031,172.35      2,838,000.00
LEUCADIA NATIONAL CORP                     0.670 LUK     527288104     37.3100        90,000.00      2,866,212.11      3,357,900.00
LONGS DRUG STORES INC                      2.700 LDG     543162101Q    20.7400        43,000.00        962,531.93        891,820.00
LTX CORP                                   0.000 LTXX    502392103      6.0300       112,000.00        702,533.00        675,360.00
LUBRIZOL CORP                              3.409 LZ      549271104     30.5000        96,000.00      2,734,805.42      2,928,000.00
LYONDELL CHEMICAL COMPANY                  7.120 LYO     552078107Q    12.6400       347,000.00      5,091,452.03      4,386,080.00
MACROMEDIA INC                             0.000 MACR    556100105     10.6500        82,000.00        920,140.40        873,300.00
MANDALAY RESORT GROUP                      0.000 MBG     562567107     30.6100        25,000.00        563,222.19        765,250.00
MARTIN MARIETTA MATERIALS                  1.956 MLM     573284106     30.6600       150,000.00      7,326,649.10      4,599,000.00
MASTEC INC                                 0.000 MTZ     576323109      2.9500       290,000.00      2,828,806.62        855,500.00
MCDATA CORPORATION-A                       0.000 MCDTA   580031201      7.1000       175,000.00      1,365,435.62      1,242,500.00
MDU RESOURCES GROUP                        3.719 MDU     552690109     25.8100       100,000.00      3,444,582.36      2,581,000.00
MEDIA GENERAL INC - CL A                   1.201 MEG     584404107     59.9500        45,000.00      2,246,991.26      2,697,750.00
MERCANTILE BANC.                           3.109 MRBK    587405101Q    38.5900       128,000.00      2,108,896.96      4,939,520.00
METRIS COMPANIES INC.                      1.619 MXT     591598107      2.4700       300,000.00      4,577,835.37        741,000.00
METTLER-TOLEDO INTERNATIONAL               0.000 MTD     592688105     32.0600        45,000.00      1,923,667.00      1,442,700.00
MILLENNIUM PHARMACEUTICALS                 0.000 MLNM    599902103      7.9400       535,000.00     12,547,854.82      4,247,900.00
MINERALS TECHNOLOGIES INC                  0.231 MTX     603158106     43.1500        50,000.00      1,838,851.58      2,157,500.00
MODINE MANUFACTURING CO                    2.828 MODI    607828100     17.6800        90,000.00      2,065,602.46      1,591,200.00
MOHAWK INDUSTRIES INC.                     0.000 MHK     608190104     56.9500       110,000.00      4,368,605.74      6,264,500.00
MPS GROUP INC                              0.000 MPS     553409103      5.5400        71,000.00        375,894.71        393,340.00

Instrument - COM       COMMON STOCK

NATIONAL COMMERCE FINANCIAL                2.851 NCF     63545P104     23.8500       390,000.00      8,321,446.93      9,301,500.00
NATIONAL FUEL & GAS                        5.016 NFG     636180101Q    20.7300       101,000.00      2,522,135.49      2,093,730.00
NATIONAL-OILWELL INC.                      0.000 NOI     637071101     21.8400       142,000.00      4,372,842.72      3,101,280.00
NCO GROUP INC.                             0.000 NCOG    628858102     15.9500       165,000.00      3,726,947.16      2,631,750.00
NEIMAN MARCUS GROUP INC-CLASS              0.000 NMG.A   640204202     30.3900        96,000.00      3,145,721.79      2,917,440.00
NEWPORT CORP                               0.159 NEWP    651824104     12.5600        41,000.00        817,353.63        514,960.00
NOBLE ENERGY INC                           0.426 NBL     655044105     37.5500       150,000.00      3,993,324.22      5,632,500.00
NORTHEAST UTILITIES                        3.625 NU      664397106     15.1700       245,000.00      4,977,884.39      3,716,650.00
NSTAR CO.                                  4.866 NST     67019E107     44.3900        74,000.00      3,040,211.57      3,284,860.00
OCEAN ENERGY INC                           0.801 OEI     67481E106     19.9700       375,000.00      5,324,954.38      7,488,750.00
OGE ENERGY CORP                            7.556 OGE     670837103     17.6000        75,000.00      1,215,232.50      1,320,000.00
OHIO CASUALTY CORP.                        0.000 OCAS    677240103Q    12.9500       127,000.00      1,641,294.72      1,644,650.00
OLD REPUBLIC INT'L CORP.                   2.285 ORI     680223104     28.0000       229,500.00      5,571,158.60      6,426,000.00
OLIN CORP                                  5.144 OLN     680665205Q    15.5500       101,600.00      1,911,864.38      1,579,880.00
OM GROUP, INC.                             8.139 OMG     670872100Q     6.8800        50,000.00        340,585.00        344,000.00
ONEOK INC.                                 3.229 OKE     682680103Q    19.2000        70,000.00      1,096,674.64      1,344,000.00
ONMICARE INC.                              0.377 OCR     681904108     23.8300       210,000.00      4,469,636.84      5,004,300.00
OVERSEAS SHIPHOLDING GROUP                 3.352 OSG     690368105     17.9000       180,000.00      4,148,455.25      3,222,000.00
PACIFICARE HEALTH SYSTEM                   0.000 PHSY    695112102     28.1000        50,000.00      2,289,088.55      1,405,000.00
PARAMETRIC TECHNOLOGY CORP                 0.000 PMTCE   699173100      2.5200       136,000.00        690,643.62        342,720.00
PARK PLACE ENTERTAINMENT CORPO             0.000 PPE     700690100      8.4000       800,000.00      8,894,679.77      6,720,000.00
PARTHUSCEVA INC                            0.000 PCVA    70212E106      5.9100        40,000.01        356,495.99        236,400.06
PAYLESS SHOESOURCE INC                     0.000 PSS     704379106     51.4700        52,000.00      2,856,539.34      2,676,440.00
PEABODY ENERGY CORP                        1.368 BTU     704549104     29.2300        78,000.00      1,981,340.40      2,279,940.00
PENN NATIONAL GAMING INC                   0.000 PENN    707569109     15.8600        80,000.00      1,256,600.93      1,268,800.00
PENTAIR INC.                               2.199 PNR     709631105Q    34.5500        70,000.00      1,548,500.50      2,418,500.00
PEPCO HOLDINGS INC.                        5.157 POM     713291102     19.3900       360,000.00      8,292,751.82      6,980,400.00
PEPSIAMERICAS INC                          0.297 PAS     71343P200Q    13.4300       285,000.00      4,386,200.66      3,827,550.00
PERRIGO CO.                                0.000 PRGO    714290103     12.1500       184,000.00      1,657,133.38      2,235,600.00
PIONEER NATURAL RESOURCES CO.              0.000 PXD     723787107     25.2500       190,000.00      2,493,037.86      4,797,500.00
PITTSTON BRINK'S GROUP                     0.541 PZB     725701106Q    18.4800       165,000.00      3,392,074.94      3,049,200.00
PLAINS EXPLORATION & PR                    0.000 PXP     726505100      9.7500        50,000.00        502,168.68        487,500.00
PLAINS RESOURCES INC.                      0.000 PLX     726540503     11.8500        50,000.00        769,808.02        592,500.00
PLEXUS CORP                                0.000 PLXS    729132100      8.7800       131,000.00      2,777,265.05      1,150,180.00
PMI GROUP INC.                             0.332 PMI     69344M101     30.0400       155,000.00      3,120,072.19      4,656,200.00
POLYCOM INC.                               0.000 PLCM    73172K104      9.5200       221,000.00      4,783,072.09      2,103,920.00
POWERWAVE TECHNOLOGIES                     0.000 PWAV    739363109      5.4000       174,000.00      1,182,911.61        939,600.00
PRECISION CASTPARTS CORP                   0.494 PCP     740189105     24.2500        95,000.00      2,572,723.90      2,303,750.00
PRIDE INTERNATIONAL INC.                   0.000 PDE     74153Q102     14.9000       315,000.00      5,698,543.08      4,693,500.00

Instrument - COM       COMMON STOCK

PROTECTIVE LIFE CORP                       2.180 PL      743674103     27.5200       137,000.00      3,229,240.38      3,770,240.00
PROTEIN DESIGN LABS INC                    0.000 PDLI    74369L103      8.5000       193,000.00      2,793,093.25      1,640,500.00
PROVIDENT FINANCIAL GROUP                  3.688 PFGI    743866105     26.0300        92,000.00      2,784,830.75      2,394,760.00
PUBLIC SERVICE CO OF N MEX                 3.694 PNM     69349H107     23.8200        71,000.00      1,871,354.95      1,691,220.00
PUGET ENERGY INC                           4.535 PSD     745310102Q    22.0500       178,000.00      4,283,454.11      3,924,900.00
QUANTUM CORPORATION- DLT & STO             0.000 DSS     747906204      2.6700       350,000.00      3,652,059.75        934,500.00
QUESTAR CORP                               2.660 STR     748356102Q    27.8200       129,000.00      3,011,859.53      3,588,780.00
RADIAN GROUP INC.                          0.215 RDN     750236101     37.1500       156,000.00      4,704,556.32      5,795,400.00
RAYONIER INC.                              3.182 RYN     754907103Q    45.2500        72,000.00      2,947,331.10      3,258,000.00
REPUBLIC SERVICES INC                      0.000 RSG     760759100     20.9800       300,000.00      5,668,127.54      6,294,000.00
RETEK INC                                  0.000 RETK    76128Q109      2.7200       105,000.00        452,689.00        285,600.00
RPM INTERNATIONAL INC.                     3.403 RPM     749685103Q    15.2800       232,000.00      1,783,580.41      3,544,960.00
RSA SECURITY INC.                          0.000 RSAS    749719100      5.9900       110,000.00      1,740,667.42        658,900.00
RUDDICK CORP.                              2.629 RDK     781258108Q    13.6900       105,000.00      1,062,105.09      1,437,450.00
SAKS INCORPORATED                          0.000 SKS     79377W108     11.7400       295,000.00      7,758,278.93      3,463,300.01
SCANA CORP                                 4.199 SCG     80589M102Q    30.9600       235,000.00      6,277,639.50      7,275,600.00
SCHULMAN (A.) INC.                         2.901 SHLM    808194104Q    18.6100        29,000.00        371,436.61        539,690.00
SIERRA PACIFIC RESOURCES                  12.307 SRP     826428104      6.5000       138,000.00      2,591,466.96        897,000.00
SILICON VALLEY BANCSHARES                  0.000 SIVB    827064106     18.2500        80,000.00      2,309,117.33      1,460,000.00
SIX FLAGS INC.                             0.000 PKS     83001P109      5.7100       550,000.00      7,551,961.52      3,140,500.00
SMITHFIELD FOODS INC                       0.000 SFD     832248108     19.8400       179,000.00      3,572,985.63      3,551,360.00
SOVEREIGN BANCORP INC                      0.711 SOV     845905108     14.0500       499,000.00      7,626,506.55      7,010,950.00
SPX CORP.                                  0.000 SPW     784635104Q    37.4500       174,000.00      9,063,453.46      6,516,300.00
STANCORP FINANCIAL GROUP                   0.818 SFG     852891100     48.8500        51,000.00      2,438,314.82      2,491,350.00
STORAGE TECHNOLOGY CORP                    0.000 STK     862111200     21.4200       215,000.00      4,409,464.05      4,605,300.00
STURM RUGER & CO INC                       8.359 RGR     864159108      9.5700        65,000.00        883,750.05        622,050.00
SUPERIOR INDUSTRIES INTL                   1.208 SUP     868168105     41.3600        41,000.00      1,267,643.19      1,695,760.00
SWIFT TRANSPORTATION CO.                   0.000 SWFT    870756103     20.0180       181,900.00      3,148,683.01      3,641,274.20
SYBASE INC.                                0.000 SY      871130100     13.4000       211,000.00      4,223,673.22      2,827,400.00
SYKES ENTERPRISES                          0.000 SYKE    871237103      3.2800        55,000.00        349,933.02        180,400.00
SYLVAN LEARNING SYSTEMS INC                0.000 SLVN    871399101     16.4000        75,000.00      1,234,601.07      1,230,000.00
TECH DATA CORP                             0.000 TECD    878237106     26.9600        35,000.00      1,308,034.38        943,600.00
TELEFLEX INC                               1.678 TFX     879369106Q    42.8900        65,000.00      2,373,247.04      2,787,850.00
TELEPHONE & DATA                           1.233 TDS     879433100     47.0200       108,000.00      7,027,237.50      5,078,160.00
THE MONY GROUP INC.                        1.879 MNY     615337102     23.9400        95,000.00      3,508,512.05      2,274,300.00
TIDEWATER INC                              1.929 TDW     886423102Q    31.1000        30,000.00      1,137,228.42        933,000.00
TITAN CORP                                 0.000 TTN     888266103     10.4000        40,000.00        594,367.98        416,000.00
TRANSACTION SYSTEMS ARCHITECTS             0.000 TSAI    893416107      6.5000        64,000.00      1,839,562.47        416,000.00
TRIAD HOSPITALS INC                        0.000 TRI     89579K109     29.8300       141,000.00      4,595,096.15      4,206,030.00

Instrument - COM       COMMON STOCK

TRINITY INDUSTRIES                         1.265 TRN     896522109     18.9600       180,000.00      4,244,854.41      3,412,800.00
TRIQUENT SEMICONDUCTOR                     0.000 TQNT    89674K103      4.2400       350,000.00      4,242,440.14      1,484,000.00
TYSON FOODS INC. CL-A                      1.426 TSN     902494103     11.2200       745,000.00     10,769,890.45      8,358,900.00
UNITED RENTALS INCORPORATED                0.000 URI     911363109     10.7600       200,000.00      3,403,015.47      2,152,000.00
UNITRIN INC.                               5.681 UTR     913275103     29.2200       129,000.00      4,299,679.42      3,769,380.00
UNIVERSAL CORP-VA                          3.896 UVV     913456109Q    36.9600        47,000.00      1,148,962.92      1,737,120.00
VALERO ENERGY CORP.                        1.082 VLO     91913Y100Q    36.9400       195,000.00      4,060,596.79      7,203,300.00
VARCO INTERNATIONAL INC.                   0.000 VRC     922122106     17.4000       184,000.00      3,681,080.73      3,201,600.00
VECTREN CORPORATION                        4.782 VVC     92240G101     23.0000        93,000.00      1,823,666.33      2,139,000.00
VERITAS DGC INC.                           0.000 VTS     92343P107      7.9000        75,000.00      1,050,817.78        592,500.00
VERITY INC.                                0.000 VRTY    92343C106     13.3910        50,000.00        756,586.33        669,550.00
VISHAY INTERTECHNOLOGY INC.                0.000 VSH     928298108     11.1800       300,000.00      3,917,213.93      3,354,000.00
WALLACE COMPUTER SVCS INC                  3.068 WCS     932270101     21.5100        25,000.00        460,101.60        537,750.00
WEBSTER FINANCIAL CORPORATION              2.183 WBS     947890109     34.8000        68,000.00      2,002,476.80      2,366,400.00
WESTAR ENERGY INC.                        12.121 WR      95709T100      9.9000       160,000.00      2,926,198.26      1,584,000.00
WGL HOLDINGS, INC.                         5.309 WGL     92924F106     23.9200        23,000.00        598,667.40        550,160.00
WIND RIVER SYSTEMS                         0.000 WIND    973149107      4.1000       182,000.00        977,592.52        746,200.00
WISCONSIN ENERGY CORP.                     3.174 WEC     976657106Q    25.2000       260,000.00      6,836,182.64      6,552,000.00
YORK INTERNATIONAL CORP                    2.346 YRK     986670107     25.5700        73,000.00      1,905,007.94      1,866,610.00

Instrument Total           253                                                    41,342,100.01    794,974,481.41    669,386,311.29

Instrument -REIT      REAL ESTATE INVESTMENT TRUST

LIBERTY PROPERTY TRUST                     7.514 LRY     531172104Q    31.9400        78,000.00      2,387,775.73      2,491,320.03

Instrument Total             1                                                        78,000.00      2,387,775.73      2,491,320.03

Portfolio Total            254                                                    41,420,100.01    797,362,257.14    671,877,631.32

