Instrument:
COMMON STOCK
COM
3M COMPANY
MMM
40,387,079.01
86.30
88579Y101
62,049,700.00
719,000
ABBOTT LABORATORIES
ABT
50,120,267.78
47.91
002824100
74,567,124.00
1,556,400
ACCENTURE PLC
ACN
24,982,507.08
48.49
G1151C101
29,889,236.00
616,400
ACE LTD
ACE
18,158,716.10
62.25
H0023R105
21,258,375.00
341,500
ACTIVISION BLIZZARD INC
ATVI
6,627,508.30
12.44
00507V109
6,506,120.00
523,000
ADOBE SYSTEMS INC.
ADBE
11,779,317.42
30.78
00724F101
16,338,024.00
530,800
AETNA INC.
AET
4,824,683.75
30.51
00817Y108
12,326,040.00
404,000
AFLAC INC
AFL
14,408,184.43
56.43
001055102
26,719,605.00
473,500
AIR PROD. & CHEM.
APD
21,110,324.23
90.95
009158106
19,472,395.00
214,100
ALCOA INC.
AA
27,229,467.76
15.39
013817101
15,844,005.00
1,029,500
ALCON INC
ACL
10,580,364.57
163.40
H01301102
11,421,660.00
69,900
ALLERGAN INC.
AGN
15,219,372.38
68.67
018490102
21,054,222.00
306,600
ALLSTATE CORP
ALL
19,378,047.83
31.88
020002101
17,291,712.00
542,400
ALTRIA GROUP INC
MO
17,331,474.92
24.62
02209S103
51,697,076.00
2,099,800
AMAZON COM INC
AMZN
24,919,992.27
180.00
023135106
63,504,000.00
352,800
AMERICAN ELECTRIC POWER
AEP
13,804,265.88
35.98
025537101
17,371,144.00
482,800
AMERICAN EXPRESS CO.
AXP
34,559,121.19
42.92
025816109
45,383,608.00
1,057,400
AMERICAN TOWER CORP
AMT
12,956,620.68
51.64
029912201
21,007,152.00
406,800
AMGEN INC
AMGN
34,009,705.83
54.90
031162100
53,027,910.00
965,900
ANADARKO PETROLEUM CORP
APC
13,606,831.05
76.16
032511107
37,988,608.00
498,800
APACHE CORP.
APA
17,642,165.22
119.23
037411105
45,903,550.00
385,000
APPLE INC.
AAPL
27,721,796.38
322.56
037833100
295,948,800.00
917,500
APPLIED MATERIALS INC.
AMAT
26,833,059.09
14.05
038222105
19,029,320.00
1,354,400
ARCHER DANIELS MIDLAND CO
ADM
25,548,889.55
30.08
039483102
19,503,872.00
648,400
AT&T INC
T
173,319,697.05
29.38
00206R102
175,046,040.00
5,958,000
AUTOMATIC DATA PROC.
ADP
16,362,303.18
46.28
053015103
23,473,216.00
507,200
BAKER HUGHES CORP
BHI
16,556,127.97
57.17
057224107
24,731,742.00
432,600
BANK OF AMERICA CORP.
BAC
259,771,566.40
13.34
060505104
134,950,108.00
10,116,200
BAXTER INTL
BAX
16,639,508.77
50.62
071813109
30,442,868.00
601,400
BB&T CORPORATION
BBT
22,409,698.63
26.29
054937107
18,345,162.00
697,800
BECTON DICKINSON & COMPANY
BDX
8,282,799.37
84.52
075887109
19,887,556.00
235,300
BERKSHIRE HATHAWAY INC.
BRK.B
142,745,898.58
80.11
084670702
139,695,818.00
1,743,800
BEST BUY COMPANY INC
BBY
9,429,463.15
34.29
086516101
11,236,833.00
327,700
BIOGEN IDEC INC
BIIB
11,328,601.95
67.05
09062X103
16,353,495.00
243,900
Instrument:
COMMON STOCK
COM
BLACKROCK INC
BLK
6,891,006.15
190.58
09247X101
6,670,300.00
35,000
BOEING CO
BA
33,543,181.90
65.26
097023105
49,943,478.00
765,300
BRISTOL-MYERS SQUIBB
BMY
49,573,236.47
26.48
110122108
45,913,672.00
1,733,900
BROADCOM CORP
BRCM
12,344,632.30
43.55
111320107
21,796,775.00
500,500
CAPITAL ONE FINANCIAL CORP.
COF
26,788,840.17
42.56
14040H105
19,590,368.00
460,300
CARDINAL HEALTH INC.
CAH
12,482,745.59
38.31
14149Y108
13,986,981.00
365,100
CARNIVAL CORP
CCL
21,749,597.00
46.11
143658300
20,329,899.00
440,900
CATERPILLAR INC.
CAT
21,154,944.51
93.66
149123101
59,324,244.00
633,400
CELGENE CORP
CELG
15,996,265.07
59.14
151020104
27,594,724.00
466,600
CHESAPEAKE ENERGY CORP
CHK
39,458,800.49
25.91
165167107
17,004,733.00
656,300
CHEVRON CORP.
CVX
77,677,826.37
91.25
166764100
184,808,625.00
2,025,300
CHUBB CORP
CB
9,737,921.95
59.64
171232101
18,333,336.00
307,400
CISCO SYSTEMS
CSCO
119,467,192.69
20.23
17275R102
116,494,455.00
5,758,500
CITIGROUP INC.
C
204,360,158.72
4.73
172967101
100,894,684.00
21,330,800
CME GROUP INC
CME
24,198,341.46
321.75
12572Q105
21,299,850.00
66,200
COCA COLA CO.
KO
98,739,310.09
65.77
191216100
139,682,326.00
2,123,800
COGNIZANT TECH SOLUTIONS
CTSH
15,859,924.03
73.29
192446102
22,126,251.00
301,900
COLGATE PALMOLIVE
CL
19,650,457.21
80.37
194162103
39,742,965.00
494,500
COMCAST CORP - CL A
CMCSA
56,853,677.33
21.97
20030N101
62,317,905.00
2,836,500
CONOCOPHILLIPS
COP
37,225,847.55
68.10
20825C104
102,197,670.00
1,500,700
CORNING INC
GLW
23,846,514.58
19.32
219350105
30,403,884.00
1,573,700
COSTCO WHOLESALE CORP.
COST
17,259,080.16
72.21
22160K105
32,075,682.00
444,200
COVIDIEN PLC
COV
21,190,916.60
45.66
G2554F105
23,076,564.00
505,400
CSX CORP.
CSX
24,385,083.00
64.61
126408103
25,359,425.00
392,500
CVS/CAREMARK CORP
CVS
21,126,817.24
34.77
126650100
47,711,394.00
1,372,200
DANAHER CORP
DHR
10,234,428.98
47.17
235851102
25,292,554.00
536,200
DEERE & CO.
DE
11,620,092.08
83.05
244199105
35,578,620.00
428,400
DELL INC
DELL
43,603,741.96
13.55
24702R101
23,247,735.00
1,715,700
DEVON ENERGY CORPORATION
DVN
13,218,033.94
78.51
25179M103
35,376,606.00
450,600
DIRECTV
DTV
15,484,840.87
39.93
25490A101
32,806,488.00
821,600
DISNEY (WALT) CO.
DIS
53,581,219.52
37.51
254687106
74,074,748.00
1,974,800
DOMINION RESOURCES INC-VA
D
19,261,308.51
42.72
25746U109
25,674,720.00
601,000
DOW CHEMICAL CO
DOW
36,723,921.96
34.14
260543103
39,756,030.00
1,164,500
DUKE ENERGY CORPORATION
DUK
20,047,186.71
17.81
26441C105
23,580,440.00
1,324,000
Instrument:
COMMON STOCK
COM
E I DUPONT DE NEM.
DD
43,782,609.83
49.88
263534109
45,570,368.00
913,600
EBAY INC
EBAY
32,892,746.60
27.83
278642103
32,274,451.00
1,159,700
ELI LILLY & COMPANY
LLY
50,210,699.30
35.04
532457108
35,933,520.00
1,025,500
EMC CORP
EMC
29,125,961.17
22.90
268648102
47,464,830.00
2,072,700
EMERSON ELECTRIC CO
EMR
19,376,942.03
57.17
291011104
43,414,898.00
759,400
ENTERGY CORP.
ETR
18,485,283.36
70.83
29364G103
13,521,447.00
190,900
EOG RESOURCES INC
EOG
15,589,543.43
91.41
26875P101
23,336,973.00
255,300
EXELON CORP
EXC
21,372,631.23
41.64
30161N101
27,736,404.00
666,100
EXPRESS SCRIPTS
ESRX
18,836,596.48
54.05
302182100
29,868,030.00
552,600
EXXON MOBIL CORPORATION
XOM
147,730,900.78
73.12
30231G102
375,750,152.79
5,138,815
FEDEX CORPORATION
FDX
16,624,704.14
93.01
31428X106
29,372,558.00
315,800
FORD MOTOR COMPANY
F
25,896,238.21
16.79
345370860
56,459,733.00
3,362,700
FRANKLIN RESOURCES INC
BEN
7,002,824.29
111.21
354613101
16,670,379.00
149,900
FREEPORT MCMORAN CLASS B
FCX
37,033,845.09
120.09
35671D857
56,898,641.99
473,800
GAP INC
GPS
6,891,870.00
22.14
364760108
9,506,916.00
429,400
GENERAL DYNAMICS CORP.
GD
14,569,674.08
70.96
369550108
24,729,560.00
348,500
GENERAL ELECTRIC CO
GE
247,260,605.78
18.29
369604103
196,893,679.00
10,765,100
GENERAL MILLS INC
GIS
15,396,959.62
35.59
370334104
23,813,269.00
669,100
GENZYME CORP. GEN. DIV.
GENZ
10,553,212.40
71.20
372917104
19,159,920.00
269,100
GILEAD SCIENCES INC.
GILD
9,104,398.09
36.24
375558103
30,644,544.00
845,600
GOLDMAN SACHS GROUP INC
GS
50,659,548.51
168.16
38141G104
87,291,856.00
519,100
GOOGLE INC - CL A
GOOG
80,922,217.97
593.97
38259P508
145,938,429.00
245,700
HALLIBURTON COMPANY
HAL
16,370,023.95
40.83
406216101
37,404,363.00
916,100
HESS CORP.
HES
37,641,874.47
76.54
42809H107
23,030,886.00
300,900
HEWLETT-PACKARD CO
HPQ
52,337,848.53
42.10
428236103
99,545,450.00
2,364,500
HOME DEPOT INC.
HD
46,681,219.41
35.06
437076102
59,861,444.00
1,707,400
HONEYWELL INTERNATIONAL INC
HON
30,273,325.46
53.16
438516106
41,066,100.00
772,500
ILLINOIS TOOL WORKS
ITW
14,751,923.71
53.40
452308109
23,725,620.00
444,300
INTEL CORP.
INTC
119,289,158.21
21.03
458140100
117,980,403.00
5,610,100
INTL BUS MACH CORP
IBM
97,265,238.23
146.76
459200101
189,760,680.00
1,293,000
JOHNSON & JOHNSON
JNJ
96,558,668.56
61.85
478160104
171,998,665.00
2,780,900
JOHNSON CONTROLS
JCI
18,602,658.07
38.20
478366107
25,911,060.00
678,300
JPMORGAN CHASE & CO.
JPM
155,725,768.23
42.42
46625H100
170,176,314.00
4,011,700
JUNIPER NETWORKS INC
JNPR
12,018,901.90
36.92
48203R104
19,586,060.00
530,500
Instrument:
COMMON STOCK
COM
KELLOGG CO.
K
9,193,127.69
51.08
487836108
13,270,584.00
259,800
KIMBERLY-CLARK CORP
KMB
21,953,914.23
63.04
494368103
26,312,896.00
417,400
KOHLS CORP
KSS
13,640,407.80
54.34
500255104
16,818,230.00
309,500
KRAFT FOODS INC - A
KFT
28,039,541.93
31.51
50075N104
50,961,123.00
1,617,300
KROGER CO.
KR
18,927,322.00
22.36
501044101
14,538,472.00
650,200
LAS VEGAS SANDS CORP
LVS
8,446,640.52
45.95
517834107
14,653,455.00
318,900
LOCKHEED MARTIN
LMT
13,834,540.36
69.91
539830109
21,790,947.00
311,700
LOEWS CORP
L
8,310,758.24
38.91
540424108
12,346,143.00
317,300
LOWE'S COS
LOW
18,387,619.49
25.08
548661107
36,491,400.00
1,455,000
MARATHON OIL CORP
MRO
20,605,841.24
37.03
565849106
26,491,262.00
715,400
MASTERCARD INC-CLASS A
MA
24,970,629.80
224.11
57636Q104
21,985,191.00
98,100
MCDONALDS CORPORATION
MCD
32,357,608.80
76.76
580135101
83,261,572.00
1,084,700
MCKESSON CORP
MCK
12,129,617.15
70.38
58155Q103
17,982,090.00
255,500
MEDCO HEALTH SOLUTIONS INC
MHS
10,185,077.41
61.27
58405U102
26,781,117.00
437,100
MEDTRONIC INC
MDT
33,284,345.23
37.09
585055106
41,195,863.00
1,110,700
MERCK & CO INC
MRK
116,009,104.27
36.04
58933Y105
113,313,364.00
3,144,100
METLIFE INC
MET
23,715,655.49
44.44
59156R108
29,179,304.00
656,600
MICROSOFT CORP.
MSFT
194,721,580.70
27.92
594918104
215,628,952.00
7,723,100
MONSANTO COMPANY
MON
18,243,073.25
69.64
61166W101
38,308,964.00
550,100
MORGAN STANLEY
MS
53,845,019.67
27.21
617446448
41,503,413.00
1,525,300
MOSAIC COMPANY
MOS
23,615,173.76
76.36
61945A107
12,171,784.00
159,400
MOTOROLA SOLUTIONS INC
MSI
41,856,294.43
9.07
620076307
21,254,638.00
2,343,400
NATIONAL OILWELL VARCO INC
NOV
37,345,746.75
67.25
637071101
28,413,125.00
422,500
NEWMONT MNG. CORP. HLDG CO
NEM
17,896,477.75
61.43
651639106
29,467,971.00
479,700
NEWS CORP INC-CL A
NWSA
38,947,226.72
14.56
65248E104
33,549,152.00
2,304,200
NEXTERA ENERGY INC
NEE
17,241,664.04
51.99
65339F101
21,737,019.00
418,100
NIKE INC. -CL B
NKE
12,068,488.64
85.42
654106103
30,998,918.00
362,900
NORFOLK SOUTHERN CORP.
NSC
19,856,382.00
62.82
655844108
23,438,142.00
373,100
NORTHERN TRUST CORP
NTRS
13,004,948.68
55.41
665859104
13,514,499.00
243,900
NORTHROP GRUMMAN CORP.
NOC
13,551,989.70
64.78
666807102
19,673,686.00
303,700
NUCOR CORP
NUE
17,092,746.59
43.82
670346105
13,921,614.00
317,700
OCCIDENTAL PETROLEUM CORP.
OXY
12,028,133.98
98.10
674599105
80,334,090.00
818,900
OMNICOM GROUP
OMC
11,017,983.10
45.80
681919106
14,175,100.00
309,500
ORACLE SYS. CORP.
ORCL
38,875,899.85
31.30
68389X105
120,226,430.00
3,841,100
Instrument:
COMMON STOCK
COM
PACCAR INC
PCAR
21,443,664.66
57.42
693718108
21,124,818.00
367,900
PACIFIC GAS & ELEC. CO.
PCG
15,189,479.74
47.84
69331C108
18,939,856.00
395,900
PEPSICO INC.
PEP
54,420,150.85
65.33
713448108
106,233,113.00
1,626,100
PFIZER INC.
PFE
167,198,848.05
17.51
717081103
142,408,830.00
8,133,000
PHILIP MORRIS INTERNATIONAL
PM
34,559,401.30
58.53
718172109
109,287,216.00
1,867,200
PNC FINANCIAL SERVICES GROUP
PNC
28,341,744.00
60.72
693475105
32,205,888.00
530,400
PRAXAIR INC.
PX
14,342,165.00
95.47
74005P104
29,452,495.00
308,500
PRECISION CASTPARTS CORP
PCP
15,559,717.38
139.21
740189105
19,962,714.00
143,400
PROCTER & GAMBLE CO
PG
97,885,468.12
64.33
742718109
186,801,454.00
2,903,800
PRUDENTIAL FINANCIAL INC
PRU
18,827,702.78
58.71
744320102
27,476,280.00
468,000
PUBLIC SVC ENTERPRISES
PEG
16,863,906.00
31.81
744573106
16,226,281.00
510,100
QUALCOMM INC
QCOM
37,877,806.92
49.49
747525103
81,856,460.00
1,654,000
RAYTHEON COMPANY
RTN
13,582,732.08
46.34
755111507
17,803,828.00
384,200
REYNOLDS AMERICAN INC
RAI
9,601,796.82
32.62
761713106
11,045,132.00
338,600
SCHLUMBERGER
SLB
116,915,632.57
83.50
806857108
114,996,200.00
1,377,200
SCHWAB (CHARLES) CORP
SCHW
13,470,873.25
17.11
808513105
17,068,936.00
997,600
SOUTHERN CO
SO
23,770,641.99
38.23
842587107
31,784,422.00
831,400
SOUTHERN COPPER CORP
SCCO
5,380,724.00
48.74
84265V105
8,315,044.00
170,600
SOUTHWESTERN ENERGY
SWN
13,481,239.59
37.43
845467109
13,066,813.00
349,100
SPRINT NEXTEL CORP
S
52,911,868.48
4.23
852061100
12,561,831.00
2,969,700
ST JUDE MED. INC.
STJ
11,449,736.98
42.75
790849103
14,240,025.00
333,100
STAPLES INC
SPLS
10,294,272.42
22.77
855030102
16,758,720.00
736,000
STARBUCKS CORP.
SBUX
10,894,526.17
32.13
855244109
24,139,269.00
751,300
STATE STREET CORP
STT
25,059,149.28
46.34
857477103
23,443,406.00
505,900
STRYKER CORP.
SYK
9,666,598.56
53.70
863667101
17,055,120.00
317,600
SYMANTEC CORP
SYMC
13,142,158.97
16.74
871503108
13,484,070.00
805,500
SYSCO CORP.
SYY
14,748,448.47
29.40
871829107
17,537,100.00
596,500
TARGET CORP
TGT
21,811,878.86
60.13
87612E106
44,652,538.00
742,600
TEXAS INSTRS INC
TXN
34,321,178.59
32.50
882508104
40,053,000.00
1,232,400
THE BANK OF NEW YORK MELLON
BK
40,712,889.35
30.20
064058100
36,934,600.00
1,223,000
THERMO FISHER SCIENTIFIC
TMO
20,925,515.91
55.36
883556102
22,907,968.00
413,800
THOMSON REUTERS CORP
TRI
14,126,656.23
37.27
884903105
14,054,517.00
377,100
TIME WARNER CABLE INC
TWC
34,745,648.12
66.03
88732J207
23,599,122.00
357,400
TIME WARNER INC.
TWX
71,066,147.76
32.17
887317303
36,969,764.00
1,149,200
Instrument:
COMMON STOCK
COM
TJX COS. INC.
TJX
17,738,909.76
44.39
872540109
18,262,046.00
411,400
TRAVELERS COS INC
TRV
17,430,728.15
55.71
89417E109
26,395,398.00
473,800
TYCO INTERNATIONAL LTD
TYC
19,094,652.72
41.44
H89128104
21,333,312.00
514,800
UNION PACIFIC CORP.
UNP
13,997,649.30
92.66
907818108
47,284,398.00
510,300
UNITED PARCEL SERVICES INC
UPS
48,632,814.67
72.58
911312106
52,264,858.00
720,100
UNITED TECHNOLOGIES
UTX
35,953,461.62
78.72
913017109
74,059,776.00
940,800
UNITEDHEALTH GROUP INC
UNH
23,238,829.54
36.11
91324P102
41,385,671.00
1,146,100
US BANCORP
USB
45,719,748.46
26.97
902973304
52,127,616.00
1,932,800
VERIZON COMMUNICATIONS
VZ
103,375,395.46
35.78
92343V104
101,980,156.00
2,850,200
VIACOM INC. CL B
VIA.B
27,989,835.79
39.61
92553P201
24,257,164.00
612,400
VISA INC-CLASS A
V
38,860,211.34
70.38
92826C839
33,134,904.00
470,800
VMWARE INC-CLASS A
VMW
5,297,740.75
88.91
928563402
6,588,231.00
74,100
WAL MART STORES INC
WMT
64,008,605.29
53.93
931142103
105,524,831.00
1,956,700
WALGREEN CO.
WAG
20,881,566.65
38.96
931422109
36,415,912.00
934,700
WASTE MANAGEMENT INC.
WM
15,753,880.04
36.87
94106L109
17,955,690.00
487,000
WELLPOINT INC.
WLP
21,318,860.67
56.86
94973V107
22,914,580.00
403,000
WELLS FARGO COMPANY
WFC
168,366,744.08
30.99
949746101
152,055,534.00
4,906,600
WILLIAMS COS. INC.
WMB
23,070,452.02
24.72
969457100
14,562,552.00
589,100
YAHOO INC
YHOO
39,273,486.21
16.63
984332106
21,890,068.99
1,316,300
YUM BRANDS INC
YUM
15,651,495.96
49.05
988498101
23,117,265.00
471,300
ZIMMER HOLDINGS INC
ZMH
8,786,320.06
53.68
98956P102
10,977,560.00
204,500
COMMON STOCK  TOTAL
6,916,991,481.08
9,110,256,693.77
239,457,715
Instrument:
REAL ESTATE INVESTMENT TRUST
REIT
PUBLIC STORAGE INC
PSA
13,183,202.76
101.42
74460D109
14,340,788.00
141,400
SIMON PROP GROUP INC.
SPG
21,181,597.78
99.49
828806109
29,369,448.00
295,200
REAL ESTATE INVESTMENT TRUST  TOTAL
34,364,800.54
43,710,236.00
436,600
LARGE-CAP PASSIVE (P) TOTAL
6,951,356,281.62
9,153,966,929.77
239,894,315