Instrument:
COMMON STOCK
COM
3M COMPANY
MMM
19,908,344.20
86.30
88579Y101
26,753,000.00
310,000
ABBOTT LABORATORIES
ABT
40,641,522.80
47.91
002824100
43,837,650.00
915,000
ACE LTD
ACE
16,107,621.40
62.25
H0023R105
20,231,250.00
325,000
ADOBE SYSTEMS INC.
ADBE
18,860,575.17
30.78
00724F101
20,776,500.00
675,000
AETNA INC.
AET
10,882,801.33
30.51
00817Y108
11,593,799.98
380,000
ALLSTATE CORP
ALL
13,280,967.00
31.88
020002101
14,346,000.00
450,000
AMERICAN EAGLE OUTFITTERS
AEO
8,791,510.17
14.63
02553E106
8,778,000.00
600,000
AMGEN INC
AMGN
15,686,041.24
54.90
031162100
15,920,999.99
290,000
AMR CORP.
AMR
11,120,648.26
7.79
001765106
6,621,500.00
850,000
APACHE CORP.
APA
14,385,115.37
119.23
037411105
17,884,499.98
150,000
APPLE INC.
AAPL
29,345,691.50
322.56
037833100
38,707,199.98
120,000
AT&T INC
T
47,130,493.34
29.38
00206R102
44,070,000.00
1,500,000
AVNET INC.
AVT
13,592,152.07
33.03
053807103
16,514,999.99
500,000
BANK OF AMERICA CORP.
BAC
14,881,391.50
13.34
060505104
14,007,000.00
1,050,000
BB&T CORPORATION
BBT
12,083,005.42
26.29
054937107
11,830,500.00
450,000
BEMIS CO.
BMS
9,592,289.05
32.66
081437105
9,798,000.00
300,000
BEST BUY COMPANY INC
BBY
4,115,639.69
34.29
086516101
4,114,799.99
120,000
BOEING CO
BA
23,678,685.60
65.26
097023105
25,451,400.00
390,000
CAPITAL ONE FINANCIAL CORP.
COF
17,498,751.35
42.56
14040H105
19,722,304.00
463,400
CHEVRON CORP.
CVX
24,337,303.31
91.25
166764100
36,499,999.99
400,000
CISCO SYSTEMS
CSCO
33,553,186.37
20.23
17275R102
29,333,500.00
1,450,000
CITIGROUP INC.
C
31,328,184.05
4.73
172967101
33,701,249.99
7,125,000
COMCAST CORP - CL A
CMCSA
38,964,574.66
21.97
20030N101
41,193,750.00
1,875,000
CORNING INC
GLW
14,642,787.81
19.32
219350105
16,905,000.00
875,000
DEVON ENERGY CORPORATION
DVN
18,138,496.84
78.51
25179M103
23,945,550.00
305,000
DISCOVER FINANCIAL
DFS
8,855,648.04
18.53
254709108
12,970,999.96
700,000
ENSCO PLC
ESV
10,578,321.00
53.38
29358Q109
11,209,800.00
210,000
EXELON CORP
EXC
19,945,763.47
41.64
30161N101
12,075,600.00
290,000
EXPEDIA INC
EXPE
10,558,095.92
25.09
30212P105
10,036,000.00
400,000
EXXON MOBIL CORPORATION
XOM
54,022,328.71
73.12
30231G102
54,474,400.00
745,000
FEDEX CORPORATION
FDX
18,117,247.63
93.01
31428X106
18,601,999.96
200,000
GENERAL DYNAMICS CORP.
GD
19,358,330.16
70.96
369550108
25,190,800.00
355,000
GENERAL ELECTRIC CO
GE
85,131,406.55
18.29
369604103
55,967,400.00
3,060,000
GENERAL MOTORS CO
GM
5,385,600.00
36.86
37045V100
6,015,552.00
163,200
Instrument:
COMMON STOCK
COM
GILEAD SCIENCES INC.
GILD
14,976,604.57
36.24
375558103
14,387,280.00
397,000
GOODYEAR T & R
GT
10,843,898.85
11.85
382550101
10,664,999.99
900,000
HALLIBURTON COMPANY
HAL
10,064,892.34
40.83
406216101
13,269,749.98
325,000
HEWLETT-PACKARD CO
HPQ
36,308,434.10
42.10
428236103
44,205,000.00
1,050,000
HONDA MOTOR CO LTD-SPONS
HMC
10,196,118.24
39.50
438128308
13,824,999.99
350,000
ILLINOIS TOOL WORKS
ITW
21,838,018.60
53.40
452308109
24,563,999.99
460,000
INTEL CORP.
INTC
28,202,608.37
21.03
458140100
30,493,500.00
1,450,000
INTL BUS MACH CORP
IBM
19,026,005.20
146.76
459200101
34,488,600.00
235,000
ITT CORP
ITT
10,506,418.98
52.11
450911102
10,421,999.99
200,000
JACOBS ENGINEERING GROUP
JEC
17,051,784.69
45.85
469814107
18,339,999.99
400,000
JPMORGAN CHASE & CO.
JPM
54,991,167.97
42.42
46625H100
67,676,868.00
1,595,400
LOWE'S COS
LOW
18,394,405.40
25.08
548661107
20,064,000.00
800,000
MARATHON OIL CORP
MRO
14,733,672.14
37.03
565849106
14,811,999.98
400,000
MASTERCARD INC-CLASS A
MA
14,891,246.36
224.11
57636Q104
15,911,809.99
71,000
MCDERMOTT INTERNATIONAL
MDR
2,383,231.26
20.69
580037109
6,206,999.98
300,000
MEDTRONIC INC
MDT
33,757,074.86
37.09
585055106
35,977,300.00
970,000
MERCK & CO INC
MRK
38,586,646.78
36.04
58933Y105
36,941,000.00
1,025,000
METLIFE INC
MET
9,235,208.08
44.44
59156R108
9,999,000.00
225,000
MICROSOFT CORP.
MSFT
53,685,322.70
27.92
594918104
59,748,800.00
2,140,000
MOLEX INC
MOLX
14,811,318.89
22.72
608554101
15,903,999.98
700,000
MONSANTO COMPANY
MON
10,325,199.38
69.64
61166W101
10,445,999.99
150,000
MORGAN STANLEY
MS
26,740,408.87
27.21
617446448
25,577,400.00
940,000
NATIONAL OILWELL VARCO INC
NOV
5,864,778.03
67.25
637071101
10,087,499.98
150,000
NEWMONT MNG. CORP. HLDG CO
NEM
6,481,437.81
61.43
651639106
9,521,650.00
155,000
NEXTERA ENERGY INC
NEE
15,570,049.56
51.99
65339F101
14,557,200.00
280,000
NUANCE COMMUNICATIONS
NUAN
2,378,152.65
18.18
67020Y100
2,727,000.00
150,000
OSHKOSH CORPORATION
OSK
4,799,145.52
35.24
688239201
10,043,399.99
285,000
PEPSICO INC.
PEP
28,802,238.00
65.33
713448108
28,745,200.00
440,000
PHILIP MORRIS INTERNATIONAL
PM
26,466,669.10
58.53
718172109
33,654,750.00
575,000
PROCTER & GAMBLE CO
PG
33,604,656.61
64.33
742718109
46,710,013.00
726,100
QUALCOMM INC
QCOM
19,420,767.14
49.49
747525103
22,517,949.99
455,000
SAFEWAY INC
SWY
3,899,509.74
22.49
786514208
4,498,000.00
200,000
SCHLUMBERGER
SLB
12,447,213.17
83.50
806857108
19,204,999.97
230,000
STATE STREET CORP
STT
15,440,535.45
46.34
857477103
11,816,700.00
255,000
Instrument:
COMMON STOCK
COM
STEEL DYNAMICS INC
STLD
5,934,849.59
18.30
858119100
7,777,499.99
425,000
STRYKER CORP.
SYK
16,500,508.57
53.70
863667101
21,748,500.00
405,000
SUNTRUST BANKS INC.
STI
9,338,602.25
29.51
867914103
10,476,049.99
355,000
SYSCO CORP.
SYY
8,089,185.83
29.40
871829107
8,084,999.99
275,000
TARGET CORP
TGT
29,015,325.51
60.13
87612E106
39,084,500.00
650,000
TEVA PHARMACEUTICAL
TEVA
23,648,777.14
52.13
881624209
28,150,199.99
540,000
THE BLACKSTONE GROUP LP
BX
8,902,563.05
14.15
09253U108
8,985,250.00
635,000
TIME WARNER CABLE INC
TWC
7,087,759.60
66.03
88732J207
14,856,750.00
225,000
UNITEDHEALTH GROUP INC
UNH
24,117,388.25
36.11
91324P102
27,082,500.00
750,000
US AIRWAYS GROUP INC
LCC
17,091,709.84
10.01
90341W108
5,005,000.00
500,000
V F CORP
VFC
9,894,064.96
86.18
918204108
11,203,399.96
130,000
VERIZON COMMUNICATIONS
VZ
3,516,803.10
35.78
92343V104
3,578,000.00
100,000
VIACOM INC. CL B
VIA.B
13,312,486.25
39.61
92553P201
16,636,199.99
420,000
VODAFONE GROUP PLC-ADR
VOD
17,605,453.03
26.43
92857W209
19,161,750.00
725,000
WAL MART STORES INC
WMT
19,177,449.02
53.93
931142103
25,077,450.00
465,000
WASHINGTON POST CL. B
WPO
9,287,886.29
439.50
939640108
9,009,750.00
20,500
WELLS FARGO COMPANY
WFC
42,425,868.21
30.99
949746101
53,749,056.00
1,734,400
XEROX CORP
XRX
8,144,416.79
11.52
984121103
8,064,000.00
700,000
COMMON STOCK  TOTAL
1,654,316,457.67
1,824,821,532.50
56,031,000
LARGE-CAP VALUE (F) TOTAL
1,654,316,457.67
1,824,821,532.50
56,031,000