Instrument:
Residential
AMERICAN CAMPUS COMMUNITIES
6,317,664.20
31.76
024835100
7,142,220.56
224,881
APARTMENT INVT & MGMT
3,480,568.12
25.84
03748R101
6,413,410.47
248,197
ASSOCIATED ESTATES
1,401,966.48
15.29
045604105
1,992,852.73
130,337
AVALONBAY COMMUNITIES
22,678,768.30
112.55
053484101
28,265,806.97
251,140
BRE PROPERTIES  -CL A
8,754,824.97
43.50
05564E106
9,660,697.45
222,085
CAMDEN PROPERTY TRUST
8,076,889.73
53.98
133131102
12,242,663.98
226,800
EDUCATION REALTY TRUST INC
699,874.28
7.77
28140H104
742,035.00
95,500
EQUITY LIFESTYLE PROPERTIES
5,879,902.38
55.93
29472R108
6,957,692.00
124,400
EQUITY RESIDENTIAL PROP
29,117,380.34
51.95
29476L107
44,647,180.69
859,426
ESSEX PROPERTY TRUST INC.
8,720,189.44
114.22
297178105
10,028,515.91
87,800
HOME PROPERTIES OF NY INC.
3,064,912.25
55.49
437306103
4,204,810.24
75,776
MID-AMERICAN APARTMENT
3,835,309.48
63.49
59522J103
5,123,642.98
80,700
POST PROPERTIES,INC.
3,478,131.63
36.30
737464107
5,081,999.87
140,000
UDR INC
9,021,746.66
23.52
902653104
10,705,245.57
455,155
Residential  TOTAL
114,528,128.26
153,208,774.42
3,222,197
Instrument:
Office / Industrial
ALEXANDRIA REAL ESTATE
13,658,338.02
73.26
015271109
13,217,276.13
180,416
AMB PROPERTY CORP.
23,807,011.33
31.71
00163T109
23,050,601.38
726,919
BIOMED REALTY TRUST
8,112,686.85
18.65
09063H107
7,907,599.98
424,000
BOSTON PROPERTIES INC
33,406,529.71
86.10
101121101
39,677,462.98
460,830
BRANDYWINE REALTY
1,925,428.98
11.65
105368203
2,153,502.47
184,850
COMMONWEALTH REIT
4,690,900.80
25.51
203233101
5,421,155.54
212,511
CORESITE REALTY CORP
1,053,799.73
13.64
21870Q105
1,091,200.00
80,000
CORPORATE OFFICE PROPERTY
7,559,744.84
34.95
22002T108
7,869,621.59
225,168
DCT INDUSTRIAL TRUST INC
3,652,798.40
5.31
233153105
3,183,164.43
599,466
DIGITAL REALTY TRUST INC
15,850,009.28
51.54
253868103
18,989,552.11
368,443
DOUGLAS EMMETT INC
5,681,091.18
16.60
25960P109
5,768,499.99
347,500
DUKE RE CORPORATION
8,685,316.98
12.46
264411505
8,967,187.75
719,678
DUPONT FABROS TECHNOLOGY
2,995,085.42
21.27
26613Q106
4,135,632.40
194,435
EASTGROUP PROPERTY INC
2,809,495.64
42.32
277276101
3,173,195.92
74,981
FIRST INDUSTRIAL RE
1,297,896.27
8.76
32054K103
1,648,631.93
188,200
FIRST POTOMAC REALTY TRUST
1,730,314.33
16.82
33610F109
1,981,395.96
117,800
HIGHWOODS PROP INC.
2,262,188.62
31.85
431284108
2,412,096.00
75,733
KILROY RE CORP
5,541,390.61
36.47
49427F108
5,509,778.15
151,077
Instrument:
Office / Industrial
LIBERTY PROPERTY TRUST
8,035,917.21
31.92
531172104
8,582,266.56
268,868
MACK-CALI RE CORP.
7,095,941.21
33.06
554489104
7,055,070.11
213,402
MONMOUTH REIT  -CL A
496,285.90
8.50
609720107
552,499.95
65,000
PARKWAY PROPERTYS INC
25,920.00
17.52
70159Q104
26,280.00
1,500
PROLOGIS TRUST
28,427,144.50
14.44
743410102
15,062,450.58
1,043,106
PS BUSINESS PARKS INC/CA
2,955,657.03
55.72
69360J107
3,020,023.99
54,200
SL GREEN RE CORP
10,586,842.77
67.51
78440X101
14,575,476.45
215,901
Office / Industrial  TOTAL
202,343,735.61
205,031,622.35
7,193,984
Instrument:
Retail
ACADIA RLTY TR
2,823,610.20
18.24
004239109
2,248,718.39
123,285
ALEXANDERS INC
1,870,744.20
412.28
014752109
2,590,355.21
6,283
CBL & ASSOC PROP
818,943.28
17.50
124830100
1,187,689.94
67,868
CEDAR SHOPPING CENTERS INC
1,218,983.11
6.29
150602209
1,188,897.96
189,014
DEVELOPERS DIVERSIFIED RE
8,675,733.97
14.09
251591103
8,370,685.79
594,087
EQUITY ONE INC
3,785,159.96
18.18
294752100
3,891,883.45
214,075
FEDERAL REALTY INV.
12,574,809.25
77.93
313747206
13,484,227.87
173,030
GENERAL GROWTH PROP
11,931,748.83
15.48
370023103
12,340,810.80
797,210
GLIMCHER REALTY TRUST
2,435,993.24
8.40
379302102
2,651,065.15
315,603
KIMCO REALTY CORP
20,848,551.50
18.04
49446R109
20,023,389.74
1,109,944
KITE REALTY GROUP TRUST
550,357.39
5.41
49803T102
939,700.76
173,697
MACERICH CO
14,726,081.70
47.37
554382101
18,604,188.49
392,742
PENNSYLVANIA RI
1,015,687.18
14.53
709102107
1,118,403.06
76,972
RAMCO-GERSHENSON PPT
809,144.21
12.45
751452202
1,079,514.57
86,708
REGENCY CENTERS CORP
11,787,670.42
42.24
758849103
11,252,735.93
266,400
RETAIL OPPORTUNITY
2,078,909.04
9.91
76131N101
2,092,020.82
211,102
RIOCAN REAL ESTATE INVST TR
1,072,592.39
22.00
2229610
1,107,308.20
50,000
SAUL CENTERS INC
412,665.62
47.35
804395101
547,697.45
11,567
SIMON PROP GROUP INC.
67,293,694.31
99.49
828806109
98,184,293.17
986,876
TANGER FACTORY OUTLET
4,117,468.15
51.19
875465106
5,400,544.95
105,500
TAUBMAN CENTERS INC
8,103,043.97
50.48
876664103
10,042,137.79
198,933
WEINGARTEN RE INVST
1,958,799.56
23.76
948741103
2,789,423.98
117,400
WESTFIELD GROUP
368,796.60
9.58
B01BTX7
392,703.09
40,000
Retail  TOTAL
181,279,188.08
221,528,396.56
6,308,296
Instrument:
Diversified
COLONIAL PROPERTIES
758,130.86
18.05
195872106
1,125,435.52
62,351
COUSINS PROPERTIES INC
1,684,245.45
8.34
222795106
1,868,920.61
224,091
VORNADO REALTY TRUST
41,691,238.37
83.33
929042109
45,933,412.57
551,223
WASHINGTON RE INV
4,721,674.41
30.99
939653101
4,754,113.92
153,408
Diversified  TOTAL
48,855,289.09
53,681,882.62
991,073
Instrument:
Health Care
HCP INC
35,269,162.28
36.79
40414L109
40,233,543.97
1,093,600
HEALTH CARE REIT INC
15,322,629.56
47.64
42217K106
16,607,303.99
348,600
HEALTHCARE RLTY TR
3,369,169.79
21.17
421946104
3,469,762.93
163,900
NATIONAL HEALTH INVESTORS INC
1,656,661.47
45.02
63633D104
1,674,248.78
37,189
NATIONWIDE HEALTH PP
12,649,793.20
36.38
638620104
14,686,605.97
403,700
SENIOR HOUSING PROP TRUST
7,296,163.83
21.94
81721M109
8,179,231.97
372,800
VENTAS INC.
17,759,646.87
52.48
92276F100
24,125,055.97
459,700
Health Care  TOTAL
93,323,227.00
108,975,753.58
2,879,489
Instrument:
Storage
EXTRA SPACE STORAGE INC
3,168,893.33
17.40
30225T102
4,536,179.96
260,700
PUBLIC STORAGE INC
28,223,418.46
101.42
74460D109
42,970,234.09
423,686
SOVRAN SELF STORAGE
1,437,513.39
36.81
84610H108
1,876,721.03
50,984
U-STORE-IT TRUST
1,666,320.93
9.53
91274F104
2,490,188.97
261,300
Storage  TOTAL
34,496,146.11
51,873,324.05
996,670
Instrument:
Hotels
ASHFORD HOSPITALITY TRUST INC
1,449,374.44
9.65
044103109
2,412,499.98
250,000
DIAMONDROCK HOSPITALITY
4,732,712.30
12.00
252784301
6,022,991.95
501,916
FELCOR LODGING TRUST
1,295,476.46
7.04
31430F101
1,478,399.99
210,000
HERSHA HOSPITALITY TRUST
2,143,484.02
6.60
427825104
3,324,433.15
503,702
HOSPITALITY PROPERTIES
8,529,347.39
23.04
44106M102
8,036,351.93
348,800
HOST HOTELS & RESORTS INC
31,578,293.08
17.87
44107P104
33,552,479.66
1,877,587
LASALLE HOTEL PROPERTIES
4,664,005.39
26.40
517942108
6,211,735.18
235,293
PEBBLEBROOK HOTEL TRUST
1,948,086.08
20.32
70509V100
2,111,268.32
103,901
STRATEGIC HOTELS & RESORTS
1,949,308.57
5.29
86272T106
2,142,359.95
404,983
SUNSTONE HOTEL INVESTORS INC
3,304,914.41
10.33
867892101
4,313,787.28
417,598
Hotels  TOTAL
61,595,002.14
69,606,307.39
4,853,780