Instrument:
COMMON STOCK
COM
3,085,902.04
218,000
14.25
HIGHLAND HOSPITALITY CORP
430141101
3,106,500.00
1,353,055.34
34,000
62.50
STARWOOD RESORTS
85590A401
2,125,000.00
COMMON STOCK  TOTAL
4,438,957.38
5,231,500.00
252,000
Instrument:
REAL ESTATE INVESTMENT TRUST
REIT
714,743.60
29,000
25.02
ACADIA RLTY TR
004239109
725,580.00
1,527,527.00
3,900
419.65
ALEXANDERS INC
014752109
1,636,635.00
5,723,818.47
80,000
100.40
ALEXANDRIA REAL ESTATE
015271109
8,032,000.00
6,248,492.15
181,537
58.61
AMB PROPERTY CORP.
00163T109
10,639,883.58
543,298.82
21,400
28.47
AMERICAN CAMPUS COMMUNITIES INC
024835100
609,258.01
1,291,238.38
110,000
11.44
AMERICAN FINANCIAL REALTY TRUST
02607P305
1,258,400.01
8,452,795.81
181,704
56.02
APARTMENT INVT & MGMT
03748R101
10,179,058.07
13,819,971.13
456,980
58.21
ARCHSTONE COMMUNITIES
039583109
26,600,805.80
1,335,009.02
96,434
13.74
ASSOCIATED ESTATES
045604105
1,325,003.18
8,670,138.96
163,198
130.05
AVALONBAY COMMUNITIES
053484101
21,223,899.90
2,948,478.27
119,000
28.60
BIOMED REALTY TRUST
09063H107
3,403,400.01
11,107,892.55
217,484
111.88
BOSTON PROPERTIES INC
101121101
24,332,109.91
2,107,977.55
76,450
33.25
BRANDYWINE REALTY
105368203
2,541,962.50
6,178,576.75
138,635
65.02
BRE PROPERTIES  -CL A
05564E106
9,014,047.70
5,046,815.59
102,384
73.85
CAMDEN PROPERTY TRUST
133131102
7,561,058.39
1,294,904.95
33,000
43.35
CBL & ASSOC PROP
124830100
1,430,550.01
2,910,653.22
193,700
15.91
CEDAR SHOPPING CENTERS INC
150602209
3,081,767.00
327,516.00
7,000
46.88
COLONIAL PROPERTIES
195872106
328,160.00
3,844,981.64
103,000
50.47
CORPORATE OFFICE PROPERTY
22002T108
5,198,409.99
4,280,065.81
213,000
19.75
CRESCENT RE EQT. CO.
225756105
4,206,750.04
3,335,530.00
275,000
11.80
DCT INDUSTRIAL TRUST INC
233153105
3,245,000.00
10,212,292.53
251,900
62.95
DEVELOPERS DIVERSIFIED RE
251591103
15,857,104.99
1,617,789.36
95,000
18.01
DIAMONDROCK HOSPITALITY
252784301
1,710,950.01
3,860,909.06
144,300
34.23
DIGITAL REALTY TRUST INC
253868103
4,939,389.01
1,050,000.00
335,000
26.59
DOUGLAS EMMETT INC
25960P109
8,907,650.00
6,326,730.40
206,183
40.90
DUKE RE CORPORATION
264411505
8,432,884.71
992,310.75
68,000
14.77
EDUCATION REALTY TRUST INC
28140H104
1,004,359.99
Instrument:
REAL ESTATE INVESTMENT TRUST
REIT
2,799,361.29
216,800
15.96
EQUITY INNS INC
294703103
3,460,128.00
2,633,946.80
57,500
54.43
EQUITY LIFESTYLE PROPERTIES INC
29472R108
3,129,725.00
17,480,372.06
635,896
48.17
EQUITY OFFICE PROP
294741103
30,631,110.33
1,801,917.29
81,300
26.66
EQUITY ONE INC
294752100
2,167,457.99
15,534,083.57
568,426
50.75
EQUITY RESIDENTIAL PROP
29476L107
28,847,619.49
4,224,736.22
41,000
129.25
ESSEX PROPERTY TRUST INC.
297178105
5,299,250.01
1,029,602.04
61,600
18.26
EXTRA SPACE STORAGE INC
30225T102
1,124,815.99
4,538,684.57
91,400
85.00
FEDERAL REALTY INV.
313747206
7,768,999.99
1,796,112.37
85,000
21.84
FELCOR LODGING TRUST
31430F101
1,856,399.96
1,408,562.21
49,000
29.11
FIRST POTOMAC REALTY TRUST
33610F109
1,426,389.98
13,351,385.01
508,354
52.23
GENERAL GROWTH PROP
370021107
26,551,329.40
818,954.00
66,600
10.15
GMH COMMUNITIES TRUST
36188G102
675,990.00
167,697.14
15,000
11.34
HERSHA HOSPITALITY TRUST
427825104
170,100.00
3,427,395.44
102,088
40.76
HIGHWOODS PROP INC.
431284108
4,161,106.90
2,076,048.22
40,000
59.27
HOME PROPERTIES OF NY INC.
437306103
2,370,799.95
2,143,745.89
53,700
47.53
HOSPITALITY PROPERTIES
44106M102
2,552,361.00
16,068,783.77
1,100,107
24.55
HOST HOTELS & RESORTS INC
44107P104
27,007,626.85
2,758,506.00
240,000
12.35
HRPT PROPERTIES TRUST
40426W101
2,963,999.99
3,390,548.71
215,000
15.50
INNKEEPERS USA TRUST
4576J0104
3,332,500.00
1,664,104.23
29,000
78.00
KILROY RE CORP
49427F108
2,262,000.00
10,713,783.64
482,044
44.95
KIMCO REALTY CORP
49446R109
21,667,877.80
2,298,877.56
153,000
18.62
KITE REALTY GROUP TRUST
49803T102
2,848,859.99
3,453,385.55
103,100
45.85
LASALLE HOTEL PROPERTIES
517942108
4,727,135.01
2,686,372.26
73,100
49.14
LIBERTY PROPERTY TRUST
531172104
3,592,134.01
6,168,872.54
120,600
86.57
MACERICH CO
554382101
10,440,341.99
3,803,649.39
77,448
51.00
MACK-CALI RE CORP.
554489104
3,949,848.01
5,572,777.83
158,400
40.00
MAGUIRE PROPERTIES INC
559775101
6,336,000.01
754,890.05
13,000
57.24
MID-AMERICAN APARTMENT
59522J103
744,120.00
2,768,600.74
89,000
20.00
MILLS CORP.
601148109
1,780,000.00
4,072,332.96
145,000
27.48
NEW PLAN EXCEL RE TRUST
648053106
3,984,600.00
3,024,290.43
76,000
45.70
POST PROPERTIES,INC.
737464107
3,473,200.00
Instrument:
REAL ESTATE INVESTMENT TRUST
REIT
16,587,328.37
529,006
60.77
PROLOGIS TRUST
743410102
32,147,694.62
2,119,079.58
38,400
70.71
PS BUSINESS PARKS INC/CA
69360J107
2,715,264.00
16,298,478.79
329,800
97.50
PUBLIC STORAGE INC
74460D109
32,155,500.01
1,165,962.00
30,000
38.14
RAMCO-GERSHENSON PPT
751452202
1,144,200.00
5,979,578.47
155,500
45.60
RECKSON ASSOCIATES RE
75621K106
7,090,799.99
6,316,285.48
166,800
78.17
REGENCY CENTERS CORP
758849103
13,038,755.99
15,272,839.43
448,821
101.29
SIMON PROP GROUP INC.
828806109
45,461,079.09
5,893,348.22
104,000
132.78
SL GREEN RE CORP
78440X101
13,809,120.01
1,437,203.66
74,000
21.79
STRATEGIC HOTELS & RESORTS, INC
86272T106
1,612,460.00
463,203.65
14,200
32.36
SUN COMMUNITIES INC
866674104
459,512.00
3,934,365.53
149,000
26.73
SUNSTONE HOTEL INVESTORS INC
867892101
3,982,770.02
980,713.30
27,000
39.08
TANGER FACTORY OUTLET
875465106
1,055,160.00
4,182,193.14
124,600
50.86
TAUBMAN CENTERS INC
876664103
6,337,155.99
2,759,757.48
141,700
31.79
UNITED DOMINION RE TRUST
910197102
4,504,643.00
1,154,980.87
54,000
20.55
U-STORE-IT TRUST
91274F104
1,109,700.00
15,572,928.08
270,045
121.50
VORNADO REALTY TRUST
929042109
32,810,467.49
2,342,827.20
58,000
40.00
WASHINGTON RE INV
939653101
2,320,000.00
4,316,060.09
130,075
46.11
WEINGARTEN RE INVST
948741103
5,997,758.27
159,913.20
12,000
13.25
WINSTON HOTELS INC
97563A102
159,000.00
REAL ESTATE INVESTMENT TRUST  TOTAL
367,139,884.09
616,640,945.94
12,508,599
REAL ESTATE REIT TOTAL
371,578,841.47
621,872,445.94
12,760,599