Instrument:
COMMON STOCK
COM
MMM
46,183,944.87
822,200
77.93
3M COMPANY
88579Y101
64,074,046.00
ABT
53,601,378.64
1,664,500
48.71
ABBOTT LABORATORIES
002824100
81,077,795.00
ADBE
14,491,134.66
653,000
41.12
ADOBE SYSTEMS INC.
00724F101
26,851,360.00
AMD
14,406,518.00
598,100
20.35
ADVANCED MICRO DEVICES INC.
007903107
12,171,335.00
AET
6,799,937.93
569,400
43.18
AETNA INC.
00817Y108
24,586,692.00
AFL
16,547,350.98
543,800
46.00
AFLAC INC
001055102
25,014,800.00
A
14,054,251.53
464,600
34.85
AGILENT TECHNOLOGIES INC
00846U101
16,191,310.00
AA
26,457,218.52
948,900
30.01
ALCOA INC.
013817101
28,476,489.00
ALL
24,754,884.47
692,900
65.11
ALLSTATE CORP
020002101
45,114,719.00
AT
20,041,018.38
424,400
60.48
ALLTEL CORP
020039103
25,667,712.00
MO
81,208,747.14
2,277,300
85.82
ALTRIA GROUP INC
02209S103
195,437,886.00
AXP
38,548,169.04
1,180,100
60.67
AMERICAN EXPRESS CO.
025816109
71,596,667.00
AIG
113,426,759.03
2,402,200
71.66
AMERICAN INTL GROUP
026874107
172,141,652.00
AMGN
45,284,069.43
1,286,100
68.31
AMGEN INC
031162100
87,853,491.00
APC
12,898,819.04
500,100
43.52
ANADARKO PETROLEUM CORP
032511107
21,764,352.00
BUD
32,560,581.69
842,800
49.20
ANHEUSER-BUSCH
035229103
41,465,760.00
APA
13,789,992.31
360,300
66.51
APACHE CORP.
037411105
23,963,553.00
AAPL
26,116,260.97
927,600
84.84
APPLE COMPUTER INC.
037833100
78,697,584.00
AMAT
29,820,673.76
1,505,200
18.45
APPLIED MATERIALS INC.
038222105
27,770,940.00
ADM
28,121,903.88
713,700
31.96
ARCHER DANIELS MIDLAND CO
039483102
22,809,852.00
T
136,100,227.27
4,240,216
35.75
AT&T INC
00206R102
151,587,722.00
ADP
22,575,913.81
628,600
49.25
AUTOMATIC DATA PROC.
053015103
30,958,550.00
CAR
6,757,664.59
109,090
21.69
AVIS BUDGET GROUP, INC
053774105
2,366,162.10
BHI
11,609,238.66
349,800
74.66
BAKER HUGHES CORP
057224107
26,116,068.00
BAC
141,464,801.79
4,976,957
53.39
BANK OF AMERICA CORP.
060505104
265,719,734.23
BK
25,651,610.26
831,000
39.37
BANK OF NEW YORK CO, INC
064057102
32,716,470.00
BAX
19,757,687.43
714,100
46.39
BAXTER INTL
071813109
33,127,099.00
BBT
20,327,782.15
596,000
43.93
BB&T CORPORATION
054937107
26,182,280.00
BSC
18,304,837.81
131,500
162.78
BEAR STEARNS COMPANIES INC
073902108
21,405,570.00
BDX
9,493,714.37
269,700
70.15
BECTON DICKINSON & COMPANY
075887109
18,919,455.00
Instrument:
COMMON STOCK
COM
BLS
63,285,598.85
1,972,700
47.11
BELLSOUTH
079860102
92,933,897.00
BBY
12,574,535.85
437,000
49.19
BEST BUY COMPANY INC
086516101
21,496,030.00
BIIB
17,373,750.00
375,000
49.19
BIOGEN IDEC INC
09062X103
18,446,250.00
BA
37,935,231.58
872,000
88.84
BOEING CO
097023105
77,468,480.00
BSX
23,259,263.25
1,345,872
17.18
BOSTON SCIENTIFIC CORP.
101137107
23,122,080.96
BMY
61,337,090.67
2,144,500
26.32
BRISTOL-MYERS SQUIBB
110122108
56,443,240.00
BRCM
17,716,221.99
496,600
32.31
BROADCOM CORP
111320107
16,045,146.01
BNI
18,572,590.00
397,700
73.81
BURLINGTON NORTHERN SANTA FE
12189T104
29,354,237.00
COF
28,730,163.56
442,900
76.82
CAPITAL ONE FINANCIAL CORP.
14040H105
34,023,578.00
CAH
21,592,418.10
455,500
64.43
CARDINAL HEALTH INC.
14149Y108
29,347,865.00
CMX
11,003,096.84
482,500
57.11
CAREMARK RX INC
141705103
27,555,575.00
CAT
24,121,284.34
730,300
61.33
CATERPILLAR INC.
149123101
44,789,299.00
CBS
21,903,838.42
733,800
31.18
CBS CORP. CL. B
124857202
22,879,884.00
CVX
92,715,982.02
2,417,391
73.53
CHEVRONTEXACO CORP
166764100
177,750,760.23
CME
9,262,987.74
37,800
509.75
CHICAGO MERCANTILE EXCHANGE
167760107
19,268,550.00
CB
14,334,449.20
452,500
52.91
CHUBB CORP
171232101
23,941,775.00
CSCO
138,122,206.96
6,657,700
27.33
CISCO SYSTEMS
17275R102
181,954,941.00
C
140,606,882.01
5,421,600
55.70
CITIGROUP INC.
172967101
301,983,120.00
CCU
25,881,063.78
548,900
35.54
CLEAR CHANNEL COMMUNICATIONS
184502102
19,507,906.00
KO
102,058,335.79
2,222,400
48.25
COCA COLA CO.
191216100
107,230,800.00
CL
22,304,957.81
561,300
65.24
COLGATE PALMOLIVE
194162103
36,619,212.00
CMCSA
63,940,691.02
2,124,500
42.33
COMCAST CORP - CL A
20030N101
89,930,085.00
COP
44,654,595.73
1,800,178
71.95
CONOCOPHILLIPS
20825C104
129,522,807.10
GLW
25,740,658.53
1,698,700
18.71
CORNING INC
219350105
31,782,677.00
COST
19,967,224.88
513,900
52.87
COSTCO WHOLESALE CORP.
22160K105
27,169,893.00
CFC
9,947,171.79
662,700
42.45
COUNTRYWIDE FINANCIAL CORP
222372104
28,131,615.00
CVS
15,145,611.98
892,600
30.91
CVS CORP.
126650100
27,590,266.00
DHR
9,405,099.33
259,000
72.44
DANAHER CORP
235851102
18,761,960.00
DE
13,876,841.99
255,800
95.07
DEERE & CO.
244199105
24,318,906.00
DELL
63,943,005.64
2,516,000
25.09
DELL INC
24702R101
63,126,440.00
Instrument:
COMMON STOCK
COM
DVN
14,077,528.83
479,900
67.08
DEVON ENERGY CORPORATION
25179M103
32,191,692.00
DIS
62,198,336.53
2,255,800
34.27
DISNEY (WALT) CO.
254687106
77,306,266.01
D
22,816,547.03
379,000
83.84
DOMINION RESOURCES INC-VA
25746U109
31,775,360.00
DOW
35,884,792.42
1,048,800
39.94
DOW CHEMICAL CO
260543103
41,889,072.00
DUK
35,060,027.98
1,348,100
33.21
DUKE ENERGY CORPORATION
26441C105
44,770,401.00
DD
48,148,410.78
1,004,700
48.71
E I DUPONT DE NEM.
263534109
48,938,937.00
EBAY
36,421,122.63
1,284,100
30.07
EBAY INC
278642103
38,612,887.00
LLY
52,507,906.87
1,072,300
52.10
ELI LILLY & COMPANY
532457108
55,866,830.00
EMC
33,757,560.91
2,402,300
13.20
EMC CORP
268648102
31,710,360.00
EMR
22,847,134.43
895,400
44.09
EMERSON ELECTRIC CO
291011104
39,478,186.00
EOG
15,961,360.53
264,600
62.45
EOG RESOURCES INC
26875P101
16,524,270.00
EXC
23,387,645.86
728,900
61.89
EXELON CORP
30161N101
45,111,621.00
XOM
174,802,809.53
6,598,500
76.63
EXXON MOBIL CORPORATION
30231G102
505,643,055.00
FNM
51,670,066.06
1,058,100
59.39
FED. NATL. MTG. ASSN.
313586109
62,840,559.00
FD
19,867,966.68
600,400
38.13
FEDERATED DEPARTMENT STORES
31410H101
22,893,252.00
FDX
17,497,222.35
332,800
108.62
FEDEX CORPORATION
31428X106
36,148,736.00
FITB
25,179,988.41
520,700
40.93
FIFTH THIRD BANCORP
316773100
21,312,251.00
FDC
12,843,286.77
834,900
25.52
FIRST DATA CORP
319963104
21,306,648.00
FE
11,993,822.94
359,700
60.30
FIRST ENERGY CORP.
337932107
21,689,910.00
FPL
18,181,893.51
440,900
54.42
FPL GROUP INC.
302571104
23,993,778.00
BEN
8,689,294.98
186,000
110.17
FRANKLIN RESOURCES INC
354613101
20,491,620.00
FRE
36,964,103.73
754,700
67.90
FREDDIE MAC
313400301
51,244,130.00
GPS
11,357,103.31
557,200
19.50
GAP INC
364760108
10,865,400.00
DNA
21,257,774.89
509,000
81.13
GENENTECH INC.
368710406
41,295,170.00
GD
18,407,539.45
440,300
74.35
GENERAL DYNAMICS CORP.
369550108
32,736,305.00
GE
264,518,771.15
11,340,500
37.21
GENERAL ELECTRIC CO
369604103
421,980,005.00
GIS
17,702,865.74
388,200
57.60
GENERAL MILLS INC
370334104
22,360,320.00
GM
24,048,583.80
515,000
30.72
GENERAL MOTORS CORP
370442105
15,820,800.00
GNW
17,313,797.88
497,300
34.21
GENWORTH FINANCIAL INC-CL A
37247D106
17,012,633.00
GENZ
11,059,798.04
283,900
61.58
GENZYME CORP. GEN. DIV.
372917104
17,482,562.00
Instrument:
COMMON STOCK
COM
GILD
10,559,658.83
496,200
64.93
GILEAD SCIENCES INC.
375558103
32,218,266.00
GS
33,836,711.15
416,100
199.35
GOLDMAN SACHS GROUP INC
38141G104
82,949,535.00
GOOG
70,278,057.15
227,700
460.48
GOOGLE INC - CL A
38259P508
104,851,296.00
HAL
20,044,578.69
1,126,000
31.05
HALLIBURTON COMPANY
406216101
34,962,300.00
HIG
15,566,323.63
330,600
93.31
HARTFORD FINL SERVICES
416515104
30,848,285.99
HPQ
67,650,736.49
3,056,300
41.19
HEWLETT-PACKARD CO
428236103
125,888,997.00
HD
63,148,420.11
2,309,700
40.16
HOME DEPOT INC.
437076102
92,757,552.00
HON
35,387,460.06
903,000
45.24
HONEYWELL INTERNATIONAL INC
438516106
40,851,720.00
IAR
4,685,754.44
159,074
28.65
IDEARC INC
451663108
4,557,470.10
ITW
18,078,826.16
544,500
46.19
ILLINOIS TOOL WORKS
452308109
25,150,455.00
INTC
134,894,283.47
6,344,000
20.25
INTEL CORP.
458140100
128,466,000.00
IP
18,473,968.86
496,100
34.10
INTERNATIONAL PAPER
460146103
16,917,010.00
IBM
127,124,323.04
1,690,900
97.15
INTL BUS MACH CORP
459200101
164,270,935.00
JNJ
112,128,055.09
3,229,300
66.02
JOHNSON & JOHNSON
478160104
213,198,386.00
JCI
17,479,972.00
212,600
85.92
JOHNSON CONTROLS
478366107
18,266,592.00
JPM
127,200,705.03
3,789,400
48.30
JPMORGAN CHASE & CO.
46625H100
183,028,020.00
K
9,348,801.20
269,400
50.06
KELLOGG CO.
487836108
13,486,164.00
KMB
26,372,047.43
501,400
67.95
KIMBERLY-CLARK CORP
494368103
34,070,130.00
KSS
17,513,145.05
357,100
68.43
KOHLS CORP
500255104
24,436,353.00
KFT
7,266,910.54
230,100
35.70
KRAFT FOODS INC - A
50075N104
8,214,570.00
LVS
11,787,533.25
151,500
89.48
LAS VEGAS SANDS CORP
517834107
13,556,220.00
LEH
16,016,050.81
583,900
78.12
LEHMAN BROTHERS HOLDING
524908100
45,614,268.00
LNC
15,814,942.74
306,700
66.40
LINCOLN NATIONAL CORP
534187109
20,364,880.00
LMT
17,727,030.54
399,400
92.07
LOCKHEED MARTIN CORPORATION
539830109
36,772,758.00
LTR
12,653,721.49
483,500
41.47
LOEWS CORP
540424108
20,050,745.00
LOW
21,385,243.79
1,692,200
31.15
LOWE'S COS
548661107
52,712,030.00
MRO
21,640,372.62
395,300
92.50
MARATHON OIL CORP
565849106
36,565,250.00
MAR
8,395,665.42
372,400
47.72
MARRIOTT INT'L INC CL-A
571903202
17,770,928.00
MMC
20,404,772.51
599,200
30.66
MARSH & MCLENNAN COS.
571748102
18,371,472.00
MCD
39,934,664.79
1,338,700
44.33
MCDONALDS CORPORATION
580135101
59,344,571.00
Instrument:
COMMON STOCK
COM
MHP
13,347,153.12
390,200
68.02
MCGRAW HILL INC
580645109
26,541,404.00
MCK
15,747,138.97
331,700
50.70
MCKESSON CORP
58155Q103
16,817,190.01
MHS
15,332,374.60
329,000
53.44
MEDCO HEALTH SOLUTIONS INC
58405U102
17,581,760.00
MDT
39,448,556.83
1,316,400
53.51
MEDTRONIC INC
585055106
70,440,564.00
MEL
15,527,930.00
451,000
42.15
MELLON FINANCIAL CORP.
58551A108
19,009,650.00
MRK
102,962,272.40
2,380,200
43.60
MERCK & CO INC
589331107
103,776,720.00
MER
44,249,909.18
1,004,800
93.10
MERRILL LYNCH & CO. INC.
590188108
93,546,880.00
MET
18,461,388.33
504,700
59.01
METLIFE INC
59156R108
29,782,347.00
MSFT
244,037,970.84
9,679,100
29.86
MICROSOFT CORP.
594918104
289,017,926.00
MON
19,360,270.18
590,200
52.53
MONSANTO COMPANY
61166W101
31,003,206.00
MCO
8,553,320.23
264,800
69.06
MOODY'S CORPORATION
615369105
18,287,088.01
MS
53,022,894.25
1,168,100
81.43
MORGAN STANLEY DEAN WITTER &
617446448
95,118,383.00
MOT
48,113,126.36
2,693,700
20.56
MOTOROLA INC
620076109
55,382,472.00
NCC
21,017,426.26
650,700
36.56
NATIONAL CITY CORP
635405103
23,789,592.00
NEM
16,682,738.88
456,500
45.15
NEWMONT MNG. CORP. HLDG CO
651639106
20,610,975.00
NWS.A
42,487,812.00
2,511,100
21.48
NEWS CORP INC-CL A
65248E104
53,938,428.00
NKE
13,993,992.88
210,400
99.03
NIKE INC. -CL B
654106103
20,835,912.00
NSC
24,071,406.00
452,300
50.29
NORFOLK SOUTHERN CORP.
655844108
22,746,167.00
NOC
16,729,143.69
374,900
67.70
NORTHROP GRUMMAN CORP.
666807102
25,380,730.00
NUE
17,970,667.23
339,800
54.66
NUCOR CORP
670346105
18,573,468.03
OXY
13,721,678.79
934,200
48.83
OCCIDENTAL PETROLEUM CORP.
674599105
45,616,986.01
OMC
13,250,059.17
186,100
104.54
OMNICOM GROUP
681919106
19,454,894.00
ORCL
43,601,726.28
4,334,400
17.14
ORACLE SYS. CORP.
68389X105
74,291,616.01
BTU
8,815,649.72
288,700
40.41
PEABODY ENERGY CORP
704549104
11,666,367.00
PEP
58,341,445.66
1,802,200
62.55
PEPSICO INC.
713448108
112,727,610.00
PFE
175,549,510.30
7,991,300
25.90
PFIZER INC.
717081103
206,974,670.00
PD
16,635,232.69
222,300
119.72
PHELPS DODGE CORP.
717265102
26,613,756.00
PNC
16,876,627.01
322,852
74.04
PNC FINANCIAL SERVICES GROUP
693475105
23,903,962.08
PX
16,383,076.00
352,400
59.33
PRAXAIR INC.
74005P104
20,907,892.00
PFG
16,684,529.28
302,100
58.70
PRINCIPAL FINANCIAL GROUP
74251V102
17,733,269.99
Instrument:
COMMON STOCK
COM
PG
120,640,114.60
3,578,823
64.27
PROCTER & GAMBLE CO
742718109
230,010,954.21
PGR
18,619,680.76
853,400
24.22
PROGRESSIVE CORP
743315103
20,669,348.00
PRU
21,104,116.87
536,600
85.86
PRUDENTIAL FINANCIAL INC
744320102
46,072,476.00
PEG
18,136,716.00
274,300
66.38
PUBLIC SVC ENTERPRISES
744573106
18,208,034.00
QCOM
41,825,456.85
1,828,000
37.79
QUALCOMM INC
747525103
69,080,120.00
RTN
17,202,908.46
486,600
52.80
RAYTHEON COMPANY
755111507
25,692,480.00
H
7,639,543.34
234,825
30.32
REALOGY CORP
75605E100
7,119,894.00
RF
27,709,110.33
798,300
37.40
REGIONS FINANCIAL CORP.
7591EP100
29,856,420.00
RAI
10,616,989.77
187,200
65.47
REYNOLDS AMERICAN INC
761713106
12,255,984.00
SGP
32,085,129.21
1,615,200
23.64
SCHERING-PLOUGH
806605101
38,183,328.00
SCHW
15,367,967.17
1,139,300
19.34
SCHWAB (CHARLES) CORP
808513105
22,034,062.00
SHLD
13,701,316.93
93,000
167.93
SEARS HOLDINGS CORP
812350106
15,617,490.00
SLM
14,200,446.59
448,100
48.77
SLM CORP
78442P106
21,853,837.00
SO
22,794,801.55
809,300
36.86
SOUTHERN CO
842587107
29,830,798.00
S
57,242,612.15
3,161,189
18.89
SPRINT NEXTEL CORP
852061100
59,714,860.21
STA
27,934,047.88
759,300
53.69
ST PAUL TRAVELERS COS INC
792860108
40,766,817.00
SPLS
11,106,904.52
794,100
26.70
STAPLES INC
855030102
21,202,470.00
SBUX
9,992,185.38
837,000
35.42
STARBUCKS CORP.
855244109
29,646,540.00
STT
16,049,845.47
362,500
67.44
STATE STREET CORP
857477103
24,447,000.00
SYK
9,578,830.37
326,400
55.11
STRYKER CORP.
863667101
17,987,904.00
SUNW
15,819,527.66
3,814,600
5.42
SUN MICROSYSTEMS INC.
866810104
20,675,132.00
STI
25,532,060.91
396,600
84.45
SUNTRUST BANKS INC.
867914103
33,492,870.00
SYMC
16,694,898.15
1,023,252
20.85
SYMANTEC CORP
871503108
21,334,804.20
SYY
16,679,469.13
674,600
36.76
SYSCO CORP.
871829107
24,798,296.00
TGT
27,815,579.43
947,000
57.05
TARGET CORP
87612E106
54,026,350.00
TXN
47,321,118.68
1,699,200
28.80
TEXAS INSTRS INC
882508104
48,936,960.00
DTV
13,065,936.92
877,900
24.94
THE DIRECTV GROUP INC
25459L106
21,894,826.00
TWX
130,294,633.70
4,347,000
21.78
TIME WARNER INC.
887317105
94,677,660.00
TXU
20,471,910.00
498,100
54.21
TXU CORPORATION
873168108
27,002,001.00
UNP
16,090,576.28
293,300
92.02
UNION PACIFIC CORP.
907818108
26,989,466.00
Instrument:
COMMON STOCK
COM
UPS
47,460,325.16
702,700
74.98
UNITED PARCEL SERVICES INC
911312106
52,688,446.00
UTX
39,484,423.35
1,102,500
62.52
UNITED TECHNOLOGIES
913017109
68,928,300.00
UNH
29,786,092.48
1,469,000
53.73
UNITEDHEALTH GROUP INC
91324P102
78,929,369.99
USB
46,630,389.87
1,941,100
36.19
US BANCORP
902973304
70,248,409.00
VLO
28,163,199.61
671,200
51.16
VALERO ENERGY CORP.
91913Y100
34,338,592.00
VZ
123,981,386.99
3,181,500
37.24
VERIZON COMMUNICATIONS
92343V104
118,479,060.00
VIA.B
32,308,280.29
692,000
41.03
VIACOM INC. CL B
92553P201
28,392,760.00
WB
82,773,405.22
2,057,743
56.95
WACHOVIA CORP.
929903102
117,188,463.85
WMT
87,718,646.24
2,681,500
46.18
WAL MART STORES INC
931142103
123,831,670.00
WAG
24,612,412.51
1,101,700
45.89
WALGREEN CO.
931422109
50,557,013.00
WM
33,707,881.73
1,047,800
45.49
WASHINGTON MUTUAL INC.
939322103
47,664,422.00
WMI
19,231,379.22
594,500
36.77
WASTE MANAGEMENT INC.
94106L109
21,859,765.00
WLP
36,776,357.15
695,200
78.69
WELLPOINT INC.
94973V107
54,705,288.00
WFC
56,443,349.98
3,664,400
35.56
WELLS FARGO COMPANY
949746101
130,306,064.00
WU
10,742,985.38
834,900
22.42
WESTERN UNION CO.
959802109
18,718,458.00
WY
15,623,238.86
268,500
70.65
WEYERHAEUSER CO.
962166104
18,969,525.00
WIN
5,016,526.42
483,798
14.22
WINDSTREAM CORP.
97381W104
6,879,607.57
WYE
55,778,562.96
1,467,900
50.92
WYETH
983024100
74,745,468.00
WYN
5,433,747.13
218,180
32.02
WYNDHAM WORLDWIDE CORP
98310W108
6,986,123.60
XTO
17,579,617.00
397,100
47.05
XTO ENERGY INC.
98385X106
18,683,555.00
YHOO
51,018,787.05
1,536,400
25.54
YAHOO INC
984332106
39,239,656.00
ZMH
11,626,299.32
270,600
78.38
ZIMMER HOLDINGS INC
98956P102
21,209,628.00
COMMON STOCK  TOTAL
7,407,902,498.57
11,045,831,266.50
248,159,140
Instrument:
REAL ESTATE INVESTMENT TRUST
REIT
SPG
17,858,322.28
240,900
101.29
SIMON PROP GROUP INC.
828806109
24,400,761.00
REAL ESTATE INVESTMENT TRUST  TOTAL
17,858,322.28
24,400,761.00
240,900
LARGE-CAP PASSIVE (Q) TOTAL
7,425,760,820.85
11,070,232,027.50
248,400,040