Instrument:
COMMON STOCK
COM
MMM
2,874,866.54
39,600
77.93
3M COMPANY
88579Y101
3,086,028.00
ABT
16,842,967.60
414,900
48.71
ABBOTT LABORATORIES
002824100
20,209,778.99
AET
10,791,767.57
273,000
43.18
AETNA INC.
00817Y108
11,788,140.00
AG
6,067,542.05
263,300
30.94
AGCO CORP.
001084102
8,146,502.01
A
9,846,020.25
288,300
34.85
AGILENT TECHNOLOGIES INC
00846U101
10,047,255.00
ARG
22,695.45
700
40.52
AIRGAS INC
009363102
28,364.00
ALD
7,199,792.74
250,900
32.68
ALLIED CAP CORP
01903Q108
8,199,411.99
ALL
14,117,035.59
225,200
65.11
ALLSTATE CORP
020002101
14,662,772.00
MO
9,308,436.12
271,500
85.82
ALTRIA GROUP INC
02209S103
23,300,130.00
ACAS
8,393,623.69
194,900
46.26
AMERICAN CAPITAL STRATEGIES
024937104
9,016,074.00
AEOS
5,815,643.33
263,550
31.21
AMERICAN EAGLE OUTFITTERS
02553E106
8,225,395.49
AXP
2,419,045.95
63,800
60.67
AMERICAN EXPRESS CO.
025816109
3,870,746.00
AIG
12,604,029.73
274,900
71.66
AMERICAN INTL GROUP
026874107
19,699,334.00
ASD
2,501,515.31
55,500
45.85
AMERICAN STANDARD COMPANIES
029712106
2,544,675.00
ACF
9,397,217.16
313,600
25.17
AMERICREDIT CORP.
03060R101
7,893,312.00
ABC
8,751,937.31
193,700
44.96
AMERISOURCEBERGEN CORP
03073E105
8,708,752.00
AMGN
20,260,394.67
300,000
68.31
AMGEN INC
031162100
20,493,000.01
AMR
3,815,948.83
289,600
30.23
AMR CORP.
001765106
8,754,608.00
BUD
13,014,804.32
286,600
49.20
ANHEUSER-BUSCH
035229103
14,100,720.00
NLY
7,432,089.17
555,100
13.91
ANNALY CAPITAL MGT., INC
035710409
7,721,441.00
AAPL
3,302,052.89
57,600
84.84
APPLE COMPUTER INC.
037833100
4,886,784.00
ABI
5,949,129.62
220,900
36.69
APPLERA CORP - APPLIED BIOSYSTEM
038020103
8,104,821.00
ASH
7,721,487.34
126,700
69.18
ASHLAND INC
044209104
8,765,105.99
AIZ
8,573,076.06
154,200
55.25
ASSURANT INC
04621X108
8,519,550.00
T
25,221,271.09
822,400
35.75
AT&T INC
00206R102
29,400,800.00
AZO
8,306,631.91
73,400
115.56
AUTOZONE INC
053332102
8,482,104.00
AV
7,505,210.00
628,600
13.98
AVAYA INC
053499109
8,787,828.00
AVP
9,280,922.42
299,600
33.04
AVON PRODUCTS
054303102
9,898,784.00
BAC
21,301,514.02
657,200
53.39
BANK OF AMERICA CORP.
060505104
35,087,908.00
BEAS
4,793,608.49
530,200
12.58
BEA SYSTEMS INC
073325102
6,669,916.00
Instrument:
COMMON STOCK
COM
BDX
9,559,151.11
140,900
70.15
BECTON DICKINSON & COMPANY
075887109
9,884,134.99
BLS
11,210,000.85
287,200
47.11
BELLSOUTH
079860102
13,529,992.01
BER
5,825,337.24
228,700
34.51
BERKLEY (WR) CORP
084423102
7,892,437.00
BMC
6,629,603.04
277,500
32.20
BMC SOFTWARE
055921100
8,935,500.01
BA
2,271,199.38
53,300
88.84
BOEING CO
097023105
4,735,172.00
BSX
6,726,154.14
415,100
17.18
BOSTON SCIENTIFIC CORP.
101137107
7,131,418.00
BMY
1,354,260.92
52,600
26.32
BRISTOL-MYERS SQUIBB
110122108
1,384,432.00
CVC
8,280,064.80
295,800
28.48
CABLEVISION SYSTEMS CORP
12686C109
8,424,384.00
CDNS
6,436,309.11
440,400
17.91
CADENCE DESIGN SYS INC
127387108
7,887,564.00
CPB
7,741,730.03
235,800
38.89
CAMPBELL SOUP CO.
134429109
9,170,262.00
CBS
9,902,819.44
361,900
31.18
CBS CORP. CL. B
124857202
11,284,042.00
CE
7,265,328.46
357,400
25.88
CELANESE CORP-SERIES A
150870103
9,249,512.00
CNP
8,200,853.04
510,800
16.58
CENTERPOINT ENERGY INC
15189T107
8,469,064.00
CTX
10,190,276.25
166,200
56.27
CENTEX CORP
152312104
9,352,074.00
CTL
7,638,034.78
194,800
43.66
CENTURYTEL, INC.
156700106
8,504,968.00
CVX
22,301,378.36
488,300
73.53
CHEVRONTEXACO CORP
166764100
35,904,699.00
CB
10,251,234.72
207,100
52.91
CHUBB CORP
171232101
10,957,660.99
CI
6,182,385.55
78,200
131.57
CIGNA CORP.
125509109
10,288,774.00
CINF
8,194,431.29
185,600
45.31
CINCINNATI FINANCIAL CORP.
172062101
8,409,536.00
CSCO
29,025,073.31
1,347,000
27.33
CISCO SYSTEMS
17275R102
36,813,510.00
C
17,609,774.99
717,400
55.70
CITIGROUP INC.
172967101
39,959,180.00
CTXS
8,023,495.56
290,400
27.05
CITRIX SYSTEMS INC
177376100
7,855,320.00
COH
1,913,706.77
49,300
42.96
COACH INC
189754104
2,117,928.00
KO
22,952,198.01
506,400
48.25
COCA COLA CO.
191216100
24,433,800.00
CL
11,521,896.57
200,100
65.24
COLGATE PALMOLIVE
194162103
13,054,524.00
CMCSA
5,164,527.35
159,600
42.33
COMCAST CORP - CL A
20030N101
6,755,868.00
CPWR
8,135,391.87
957,000
8.33
COMPUWARE CORP
205638109
7,971,810.00
COP
4,953,495.01
167,400
71.95
CONOCOPHILLIPS
20825C104
12,044,429.99
CAL
5,346,807.83
214,800
41.25
CONTINENTAL AIRLINES INC - CLASS B
210795308
8,860,499.98
CFC
10,683,452.93
291,900
42.45
COUNTRYWIDE FINANCIAL CORP
222372104
12,391,155.00
Instrument:
COMMON STOCK
COM
CMI
5,905,141.82
69,100
118.18
CUMMINS INC.
231021106
8,166,237.99
DHR
10,353,531.14
142,900
72.44
DANAHER CORP
235851102
10,351,676.00
DELL
2,903,528.30
105,600
25.09
DELL INC
24702R101
2,649,504.00
DDS
7,603,958.50
257,100
34.97
DILLARDS INC. CL-A
254067101
8,990,787.00
DIS
4,487,834.50
160,200
34.27
DISNEY (WALT) CO.
254687106
5,490,054.00
DLTR
7,160,833.04
250,100
30.10
DOLLAR TREE STORES INC
256747106
7,528,010.00
DD
85,069.69
1,800
48.71
E I DUPONT DE NEM.
263534109
87,678.00
LLY
2,288,331.27
43,500
52.10
ELI LILLY & COMPANY
532457108
2,266,350.00
EQ
6,532,423.65
173,200
52.56
EMBARQ CORP
29078E105
9,103,392.00
ENDP
7,799,583.80
278,200
27.58
ENDO PHARMACEUTICALS
29264F205
7,672,756.00
ENR
7,314,034.20
111,300
70.99
ENERGIZER HOLDINGS INC.
29266R108
7,901,187.01
EAS
7,874,651.88
328,200
24.80
ENERGY EAST CORP.
29266M109
8,139,360.00
EFX
7,915,549.94
211,600
40.60
EQUIFAX INC
294429105
8,590,960.00
EL
8,048,145.47
202,100
40.82
ESTEE LAUDER CO.
518439104
8,249,722.00
XOM
38,252,425.55
1,146,500
76.63
EXXON MOBIL CORPORATION
30231G102
87,856,294.99
FNM
2,578,835.24
47,400
59.39
FED. NATL. MTG. ASSN.
313586109
2,815,086.00
FIS
590,557.73
17,998
40.09
FIDELITY NATIONAL INFORMATION
31620M106
721,539.82
FE
7,626,397.28
180,200
60.30
FIRST ENERGY CORP.
337932107
10,866,059.99
F
9,821,672.43
1,138,800
7.51
FORD MOTOR COMPANY
345370860
8,552,388.00
FRX
6,377,246.99
153,600
50.60
FOREST LABORATORIES INC.
345838106
7,772,160.00
FRE
1,048,536.90
16,500
67.90
FREDDIE MAC
313400301
1,120,350.00
GDI
5,134,779.52
144,288
37.31
GARDNER DENVER MACHINERY
365558105
5,383,385.28
GD
11,888,647.36
170,100
74.35
GENERAL DYNAMICS CORP.
369550108
12,646,935.00
GE
36,866,861.99
1,596,500
37.21
GENERAL ELECTRIC CO
369604103
59,405,765.00
GM
10,037,554.45
290,100
30.72
GENERAL MOTORS CORP
370442105
8,911,872.00
GS
11,990,342.68
104,300
199.35
GOLDMAN SACHS GROUP INC
38141G104
20,792,205.00
GT
1,286,390.84
74,700
20.99
GOODYEAR T & R
382550101
1,567,953.00
GOOG
7,660,149.01
20,900
460.48
GOOGLE INC - CL A
38259P508
9,624,032.00
HAL
12,645,768.92
388,200
31.05
HALLIBURTON COMPANY
406216101
12,053,610.00
HAS
5,688,136.45
296,000
27.25
HASBRO INC
418056107
8,066,000.00
Instrument:
COMMON STOCK
COM
HPQ
19,743,850.72
671,400
41.19
HEWLETT-PACKARD CO
428236103
27,654,966.01
HOC
5,475,814.40
155,600
51.40
HOLLY CORP
435758305
7,997,840.00
HD
5,001,954.35
172,700
40.16
HOME DEPOT INC.
437076102
6,935,632.00
HUM
3,013,649.82
56,300
55.31
HUMANA INC.
444859102
3,113,953.00
IACI
8,389,019.20
250,900
37.16
IAC/INTERACTIVE CORP
44919P300
9,323,444.00
IAR
417,420.85
15,455
28.65
IDEARC INC
451663108
442,785.75
RX
7,211,878.75
280,200
27.48
IMS HEALTH INC.
449934108
7,699,896.00
IM
7,815,818.07
373,700
20.41
INGRAM MICRO INC CL A
457153104
7,627,217.00
INTC
13,937,227.21
659,900
20.25
INTEL CORP.
458140100
13,362,975.00
ICE
3,987,962.06
46,200
107.90
INTERCONTINENTAL EXCHANGE INC
45865V100
4,984,980.00
IFF
8,010,152.12
174,300
49.16
INTERNATL FLAVORS & FRAGRANCES
459506101
8,568,588.00
IBM
26,092,291.72
346,100
97.15
INTL BUS MACH CORP
459200101
33,623,615.01
INTU
7,103,666.14
270,200
30.51
INTUIT INC.
461202103
8,243,801.99
ESI
7,736,874.23
112,500
66.37
ITT EDUCATIONAL SERVICES INC
45068B109
7,466,625.00
JCP
10,802,904.02
134,300
77.36
J C PENNEY INC
708160106
10,389,448.00
JNJ
17,238,180.07
407,400
66.02
JOHNSON & JOHNSON
478160104
26,896,548.00
JNY
8,299,875.42
235,100
33.43
JONES APPAREL GROUP INC
480074103
7,859,393.00
JLL
5,771,127.24
89,500
92.17
JONES LANG LASALLE I
48020Q107
8,249,215.00
JPM
27,401,996.39
753,200
48.30
JPMORGAN CHASE & CO.
46625H100
36,379,559.99
KBH
67,592.97
1,600
51.28
KB HOME
48666K109
82,048.00
KMT
7,651,892.38
126,300
58.85
KENNAMETAL INC
489170100
7,432,755.00
KG
7,550,010.16
492,000
15.92
KING PHARMACEUTICALS
495582108
7,832,640.01
KR
9,137,388.54
452,500
23.07
KROGER CO.
501044101
10,439,175.00
LH
7,507,832.56
127,000
73.47
LABORATORY CRP OF AMER HLDGS
50540R409
9,330,690.00
LVLT
5,290,789.82
1,503,000
5.60
LEVEL 3 COMMUNICATIO
52729N100
8,416,800.00
LXK
8,555,230.20
129,900
73.20
LEXMARK INTERNATIONAL INC.
529771107
9,508,680.00
LIZ
7,418,015.25
189,700
43.46
LIZ CLAIBORNE
539320101
8,244,361.99
LMT
12,493,833.22
145,800
92.07
LOCKHEED MARTIN CORPORATION
539830109
13,423,806.00
LOW
284,344.63
22,500
31.15
LOWE'S COS
548661107
700,875.00
LYO
8,202,006.36
320,300
25.57
LYONDELL CHEMICAL COMPANY
552078107
8,190,071.00
Instrument:
COMMON STOCK
COM
MAN
5,630,615.87
119,100
74.93
MANPOWER INC
56418H100
8,924,163.00
MRO
7,779,707.93
144,600
92.50
MARATHON OIL CORP
565849106
13,375,500.01
MKL
8,235,502.67
18,700
480.10
MARKEL CORP
570535104
8,977,870.00
MAT
8,837,111.73
377,600
22.66
MATTEL INC.
577081102
8,556,416.00
MBI
7,482,020.29
137,200
73.06
MBIA INC.
55262C100
10,023,832.00
MFE
6,400,039.95
275,200
28.38
MCAFEE INC
579064106
7,810,176.01
MCD
1,497,710.38
39,200
44.33
MCDONALDS CORPORATION
580135101
1,737,736.00
MHP
9,359,068.58
173,500
68.02
MCGRAW HILL INC
580645109
11,801,470.02
MDT
2,259,520.64
63,100
53.51
MEDTRONIC INC
585055106
3,376,481.00
MRK
21,779,700.84
534,900
43.60
MERCK & CO INC
589331107
23,321,640.00
MER
5,262,427.86
77,800
93.10
MERRILL LYNCH & CO. INC.
590188108
7,243,180.00
MET
10,436,103.83
205,000
59.01
METLIFE INC
59156R108
12,097,050.00
MTD
7,030,023.89
91,500
78.85
METTLER-TOLEDO INTERNATIONAL
592688105
7,214,775.00
MTG
8,759,764.43
137,700
62.54
MGIC INVESTMENT CORP
552848103
8,611,758.00
MSFT
47,628,292.76
1,785,000
29.86
MICROSOFT CORP.
594918104
53,300,100.01
MLNM
6,665,159.75
662,300
10.90
MILLENNIUM PHARMACEUTICALS
599902103
7,219,069.99
MOLX
8,006,343.75
237,600
31.63
MOLEX INC
608554101
7,515,288.00
TAP
7,829,516.70
109,400
76.44
MOLSON COORS BREWING CO
60871R209
8,362,536.00
MCO
10,040,744.03
151,300
69.06
MOODY'S CORPORATION
615369105
10,448,778.00
MS
16,009,713.13
280,400
81.43
MORGAN STANLEY DEAN WITTER &
617446448
22,832,972.00
MOT
1,845,101.16
98,300
20.56
MOTOROLA INC
620076109
2,021,047.99
NCC
10,925,199.84
293,500
36.56
NATIONAL CITY CORP
635405103
10,730,360.00
NFS
6,516,893.94
147,900
54.20
NATIONWIDE FINANCIAL SERVICE
638612101
8,016,180.00
NWS.A
835,848.00
49,400
21.48
NEWS CORP INC-CL A
65248E104
1,061,112.00
NI
8,483,749.76
355,000
24.10
NISOURCE INCORPORATED
65473P105
8,555,500.00
JWN
6,120,204.30
193,900
49.34
NORDSTROM INC
655664100
9,567,026.00
NSC
4,819,861.18
117,000
50.29
NORFOLK SOUTHERN CORP.
655844108
5,883,929.99
NVLS
7,828,023.79
270,600
34.42
NOVELLUS SYSTEMS INC.
670008101
9,314,052.00
NUE
5,547,461.54
177,200
54.66
NUCOR CORP
670346105
9,685,751.97
OXY
14,517,437.19
299,700
48.83
OCCIDENTAL PETROLEUM CORP.
674599105
14,634,350.99
Instrument:
COMMON STOCK
COM
OGE
7,706,582.43
202,200
40.00
OGE ENERGY CORP
670837103
8,088,000.00
ORI
7,840,823.47
359,000
23.28
OLD REPUBLIC INT'L CORP.
680223104
8,357,520.01
OMC
8,926,957.44
100,900
104.54
OMNICOM GROUP
681919106
10,548,086.01
OKE
8,120,194.71
194,300
43.12
ONEOK INC.
682680103
8,378,216.00
ORCL
14,710,634.95
1,084,200
17.14
ORACLE SYS. CORP.
68389X105
18,583,188.00
OSG
6,387,480.21
127,700
56.30
OVERSEAS SHIPHOLDING GROUP
690368105
7,189,509.99
PCG
7,529,563.44
223,100
47.33
PACIFIC GAS & ELEC. CO.
69331C108
10,559,323.00
PTV
8,431,224.59
256,400
35.69
PACTIV CORPORATION
695257105
9,150,916.00
POM
7,404,569.10
316,400
26.01
PEPCO HOLDINGS INC.
713291102
8,229,564.00
PBG
809,369.30
30,300
30.91
PEPSI BOTTLING GROUP INC
713409100
936,572.99
PEP
6,830,827.15
172,200
62.55
PEPSICO INC.
713448108
10,771,110.00
PFE
33,965,129.83
1,532,400
25.90
PFIZER INC.
717081103
39,689,160.00
PHLY
3,509,489.57
80,441
44.56
PHILADELPHIA CONS HLDG CO
717528103
3,584,450.96
PMI
7,504,371.63
184,200
47.17
PMI GROUP INC.
69344M101
8,688,713.98
PNC
10,742,511.38
155,100
74.04
PNC FINANCIAL SERVICES GROUP
693475105
11,483,604.00
PPP
6,444,351.52
130,900
48.44
POGO PRODUCING CO
730448107
6,340,796.00
PG
15,715,962.69
455,300
64.27
PROCTER & GAMBLE CO
742718109
29,262,131.00
PRU
8,234,427.74
171,300
85.86
PRUDENTIAL FINANCIAL INC
744320102
14,707,818.00
QCOM
2,575,145.07
91,900
37.79
QUALCOMM INC
747525103
3,472,901.00
Q
12,537,897.03
1,089,700
8.37
QWEST COMMUNICATIONS INTL.
749121109
9,120,789.00
RTN
10,205,793.64
222,400
52.80
RAYTHEON COMPANY
755111507
11,742,720.00
RGC
7,536,126.70
367,900
21.32
REGAL ENTERTAINMENT GROUP
758766109
7,843,628.00
RGA
6,832,510.25
132,400
55.70
REINSURANCE GROUP AM
759351109
7,374,680.00
RSG
8,203,592.25
192,500
40.67
REPUBLIC SERVICES INC
760759100
7,828,975.00
RAI
6,597,434.83
143,500
65.47
REYNOLDS AMERICAN INC
761713106
9,394,945.00
RAD
7,801,105.42
1,653,300
5.44
RITE AID CORP.
767754104
8,993,952.00
R
6,840,340.70
147,900
51.06
RYDER SYS. INC.
783549108
7,551,774.00
RYL
7,368,308.74
170,100
54.62
RYLAND GROUP INC
783764103
9,290,862.00
TSG
6,885,749.97
298,600
31.89
SABRE HOLDINGS CORP.
785905100
9,522,353.99
SAF
7,799,732.09
139,700
62.55
SAFECO CORP.
786429100
8,738,235.00
Instrument:
COMMON STOCK
COM
SWY
9,980,526.33
321,600
34.56
SAFEWAY INC
786514208
11,114,496.00
SKS
6,155,228.76
380,700
17.82
SAKS INCORPORATED
79377W108
6,784,074.00
SGP
12,315,537.80
572,500
23.64
SCHERING-PLOUGH
806605101
13,533,900.00
CKH
7,632,838.76
82,700
99.14
SEACOR SMIT INC.
811904101
8,198,878.00
SHLD
8,704,534.91
56,500
167.93
SEARS HOLDINGS CORP
812350106
9,488,045.01
SEIC
6,561,280.40
137,000
59.56
SEI INVESTMENTS CO
784117103
8,159,720.00
SHW
7,023,865.59
139,500
63.58
SHERWIN-WILLIAMS CO
824348106
8,869,410.00
SNA
6,562,971.35
163,000
47.64
SNAP-ON TOOLS CORP.
833034101
7,765,320.00
PCU
2,636,235.39
46,200
53.89
SOUTHERN COPPER CORP
84265V105
2,489,718.00
S
2,679,177.26
132,400
18.89
SPRINT NEXTEL CORP
852061100
2,501,036.00
SPW
6,281,741.40
131,800
61.16
SPX CORP.
784635104
8,060,888.00
STLD
2,301,745.13
97,000
32.45
STEEL DYNAMICS INC
858119100
3,147,650.00
SYMC
10,544,043.04
525,900
20.85
SYMANTEC CORP
871503108
10,965,015.00
SNPS
7,828,441.54
346,400
26.73
SYNOPSYS INC.
871607107
9,259,272.00
TGT
1,139,907.37
24,400
57.05
TARGET CORP
87612E106
1,392,020.00
TEK
7,171,393.38
235,500
29.17
TEKTRONIX, INC.
879131100
6,869,535.00
TEX
4,290,721.80
154,700
64.58
TEREX CORP
880779103
9,990,525.99
TSO
6,017,970.42
125,800
65.77
TESORO CORP
881609101
8,273,866.00
TXN
743,990.47
27,000
28.80
TEXAS INSTRS INC
882508104
777,600.00
FMD
6,512,194.39
170,100
54.65
THE FIRST MARBLEHEAD CORP
320771108
9,295,965.01
THG
7,727,627.67
162,700
48.80
THE HANOVER INSURANCE GROUP
410867105
7,939,760.00
TMO
6,859,163.71
191,000
45.29
THERMO ELECTRON CORP.
883556102
8,650,389.99
TDW
3,055,491.70
57,900
48.36
TIDEWATER INC
886423102
2,800,044.00
TWX
8,513,728.84
325,300
21.78
TIME WARNER INC.
887317105
7,085,034.00
TJX
9,374,302.87
324,300
28.52
TJX COS. INC.
872540109
9,249,036.00
TXU
9,878,492.56
204,200
54.21
TXU CORPORATION
873168108
11,069,682.01
UAUA
6,759,650.25
221,300
44.00
UAL CORP
902549807
9,737,200.00
UGI
7,873,475.99
290,500
27.28
UGI CORP
902681105
7,924,840.00
UPS
1,152,037.86
15,700
74.98
UNITED PARCEL SERVICES INC
911312106
1,177,186.00
URI
8,741,369.69
331,200
25.43
UNITED RENTALS INCORPORATED
911363109
8,422,415.99
Instrument:
COMMON STOCK
COM
X
7,993,533.73
128,900
73.14
UNITED STATES STEEL CORP.
912909108
9,427,746.00
UTX
2,710,100.35
64,800
62.52
UNITED TECHNOLOGIES
913017109
4,051,296.01
UNH
4,124,828.56
87,500
53.73
UNITEDHEALTH GROUP INC
91324P102
4,701,374.99
UTR
3,470,863.40
72,946
50.11
UNITRIN INC.
913275103
3,655,324.06
USB
2,229,508.09
94,600
36.19
US BANCORP
902973304
3,423,574.00
UST
8,903,824.17
163,000
58.20
UST INC.
902911106
9,486,600.00
VFC
8,318,177.51
108,400
82.08
V F CORP
918204108
8,897,472.00
VZ
11,044,558.57
309,100
37.24
VERIZON COMMUNICATIONS
92343V104
11,510,883.99
WB
8,310,380.24
196,900
56.95
WACHOVIA CORP.
929903102
11,213,455.00
WMT
8,401,706.23
274,100
46.18
WAL MART STORES INC
931142103
12,657,938.00
WAG
244,941.97
9,400
45.89
WALGREEN CO.
931422109
431,366.00
WMI
10,951,277.09
284,300
36.77
WASTE MANAGEMENT INC.
94106L109
10,453,711.00
WAT
8,245,108.26
160,700
48.97
WATERS CORPORATION
941848103
7,869,479.00
WCG
5,321,421.03
91,500
68.90
WELLCARE HEALTH PLANS INC
94946T106
6,304,350.00
WLP
14,399,196.56
207,000
78.69
WELLPOINT INC.
94973V107
16,288,830.00
WFC
6,728,517.65
383,200
35.56
WELLS FARGO COMPANY
949746101
13,626,592.00
WSC
7,420,806.00
15,300
460.00
WESCO FINL CORP
950817106
7,038,000.00
WCC
7,258,115.41
116,700
58.81
WESCO INTL INC
95082P105
6,863,127.00
WLK
7,586,007.89
228,800
31.38
WESTLAKE CHEMICAL CORP.
960413102
7,179,744.00
WYE
3,833,197.79
92,900
50.92
WYETH
983024100
4,730,468.01
WYN
7,191,012.58
275,100
32.02
WYNDHAM WORLDWIDE CORP
98310W108
8,808,702.00
XRX
8,942,238.63
593,700
16.95
XEROX CORP
984121103
10,063,215.00
COMMON STOCK  TOTAL
1,961,316,255.23
2,413,839,753.25
63,108,378
Instrument:
REAL ESTATE INVESTMENT TRUST
REIT
AIV
2,506,694.59
53,200
56.02
APARTMENT INVT & MGMT
03748R101
2,980,264.01
BXP
9,403,941.83
89,600
111.88
BOSTON PROPERTIES INC
101121101
10,024,448.00
EOP
8,585,122.44
236,600
48.17
EQUITY OFFICE PROP
294741103
11,397,022.00
HCN
7,641,972.29
194,000
43.02
HEALTH CARE REIT INC
42217K106
8,345,880.00
SFI
8,187,115.24
181,900
47.82
ISTAR FINANCIAL INC
45031U101
8,698,458.00
REAL ESTATE INVESTMENT TRUST  TOTAL
36,324,846.39
41,446,072.01
755,300
QUANTITATIVE 1000 (Q) TOTAL
1,997,641,101.62
2,455,285,825.26
63,863,678