Instrument:
COMMON STOCK
COM
MMM
5,645,203.68
100,500
77.93
3M COMPANY
88579Y101
7,831,965.00
ABT
5,474,457.44
170,000
48.71
ABBOTT LABORATORIES
002824100
8,280,700.00
ANF
2,460,262.60
49,400
69.63
ABERCROMBIE & FITCH CO
002896207
3,439,722.00
AET
1,734,020.00
145,200
43.18
AETNA INC.
00817Y108
6,269,736.00
AFL
1,177,606.62
38,700
46.00
AFLAC INC
001055102
1,780,200.00
AA
6,083,479.74
211,200
30.01
ALCOA INC.
013817101
6,338,112.00
AGN
4,917,464.77
66,200
119.74
ALLERGAN PHARMACEUTICALS INC.
018490102
7,926,788.00
ALL
6,445,058.67
180,400
65.11
ALLSTATE CORP
020002101
11,745,844.00
MO
12,919,654.46
362,300
85.82
ALTRIA GROUP INC
02209S103
31,092,586.00
ABK
3,839,823.40
48,600
89.07
AMBAC FINANCIAL GROUP INC.
023139108
4,328,802.00
AXP
4,690,718.64
143,600
60.67
AMERICAN EXPRESS CO.
025816109
8,712,212.00
AIG
16,257,111.45
344,300
71.66
AMERICAN INTL GROUP
026874107
24,672,538.00
AMGN
4,996,352.89
141,900
68.31
AMGEN INC
031162100
9,693,189.00
AMR
20,490,709.49
1,826,474
30.23
AMR CORP.
001765106
55,214,309.02
APC
4,730,340.79
183,400
43.52
ANADARKO PETROLEUM CORP
032511107
7,981,568.00
BUD
3,376,595.66
87,400
49.20
ANHEUSER-BUSCH
035229103
4,300,080.00
APA
4,367,022.28
114,100
66.51
APACHE CORP.
037411105
7,588,791.00
AAPL
857,484.27
70,600
84.84
APPLE COMPUTER INC.
037833100
5,989,704.00
AMAT
5,190,683.32
262,000
18.45
APPLIED MATERIALS INC.
038222105
4,833,900.00
ADM
2,855,243.76
164,600
31.96
ARCHER DANIELS MIDLAND CO
039483102
5,260,616.00
T
17,869,306.43
603,300
35.75
AT&T INC
00206R102
21,567,975.00
ATML
3,016,917.04
622,200
6.05
ATMEL CORP
049513104
3,764,310.00
AVT
2,301,154.12
130,800
25.53
AVNET INC.
053807103
3,339,324.00
AVP
4,799,238.69
174,322
33.04
AVON PRODUCTS
054303102
5,759,598.88
BAC
17,572,551.67
618,400
53.39
BANK OF AMERICA CORP.
060505104
33,016,376.00
BK
14,352,705.16
456,700
39.37
BANK OF NEW YORK CO, INC
064057102
17,980,279.00
BCR
2,825,431.31
42,900
82.97
BARD C. R. INC.
067383109
3,559,413.00
BEAS
4,314,353.32
502,500
12.58
BEA SYSTEMS INC
073325102
6,321,450.00
BSC
5,582,400.48
68,810
162.78
BEAR STEARNS COMPANIES INC
073902108
11,200,891.79
BEC
9,740,672.99
163,000
59.80
BECKMAN COULTER INC.
075811109
9,747,400.00
Instrument:
COMMON STOCK
COM
BDX
1,386,920.09
39,400
70.15
BECTON DICKINSON & COMPANY
075887109
2,763,910.00
BBBY
1,276,558.33
44,200
38.10
BED BATH & BEYOND INC
075896100
1,684,020.00
BLS
16,993,566.90
578,500
47.11
BELLSOUTH
079860102
27,253,135.00
BER
3,194,939.82
95,000
34.51
BERKLEY (WR) CORP
084423102
3,278,450.00
BBY
3,159,460.04
109,800
49.19
BEST BUY COMPANY INC
086516101
5,401,062.00
BJS
7,154,348.50
261,000
29.32
BJ SERVICES CO
055482103
7,652,520.00
BA
4,011,041.69
92,200
88.84
BOEING CO
097023105
8,191,048.00
BSX
5,903,427.20
253,000
17.18
BOSTON SCIENTIFIC CORP.
101137107
4,346,540.00
BMY
12,819,437.66
448,200
26.32
BRISTOL-MYERS SQUIBB
110122108
11,796,624.00
BNI
3,184,305.54
96,500
73.81
BURLINGTON NORTHERN SANTA FE
12189T104
7,122,665.00
CPB
2,615,830.00
97,900
38.89
CAMPBELL SOUP CO.
134429109
3,807,331.00
COF
4,449,584.41
63,100
76.82
CAPITAL ONE FINANCIAL CORP.
14040H105
4,847,342.00
CAH
3,100,206.69
65,400
64.43
CARDINAL HEALTH INC.
14149Y108
4,213,722.00
CMX
1,112,852.07
48,800
57.11
CAREMARK RX INC
141705103
2,786,968.00
CAT
8,922,357.67
232,000
61.33
CATERPILLAR INC.
149123101
14,228,560.00
CBS
4,165,550.08
139,550
31.18
CBS CORP. CL. B
124857202
4,351,169.00
CELG
4,240,063.78
296,400
57.53
CELGENE CORP
151020104
17,051,892.00
CTL
4,545,361.58
133,800
43.66
CENTURYTEL, INC.
156700106
5,841,708.00
CVX
16,134,139.45
446,256
73.53
CHEVRONTEXACO CORP
166764100
32,813,203.68
CB
4,624,521.26
151,000
52.91
CHUBB CORP
171232101
7,989,410.00
CI
2,692,382.40
42,100
131.57
CIGNA CORP.
125509109
5,539,097.00
CINF
2,387,335.51
68,145
45.31
CINCINNATI FINANCIAL CORP.
172062101
3,087,649.95
CSCO
37,529,484.99
1,940,000
27.33
CISCO SYSTEMS
17275R102
53,020,200.00
C
18,479,311.36
712,600
55.70
CITIGROUP INC.
172967101
39,691,820.00
CZN
2,515,814.13
187,900
14.37
CITIZENS COMMUNICATIONS CO
17453B101
2,700,123.00
CCU
3,503,793.33
72,200
35.54
CLEAR CHANNEL COMMUNICATIONS
184502102
2,565,988.00
CLX
2,521,783.57
51,000
64.15
CLOROX COMPANY
189054109
3,271,650.00
KO
15,959,646.64
351,300
48.25
COCA COLA CO.
191216100
16,950,225.00
CCE
3,266,184.40
146,000
20.42
COCA-COLA ENTERPRISE
191219104
2,981,320.00
CL
3,258,518.69
82,000
65.24
COLGATE PALMOLIVE
194162103
5,349,680.00
Instrument:
COMMON STOCK
COM
CMCSA
9,731,667.03
323,400
42.33
COMCAST CORP - CL A
20030N101
13,689,522.00
CSC
2,829,460.72
65,500
53.37
COMPUTER SCIENCES
205363104
3,495,735.00
CAG
1,719,941.88
77,000
27.00
CONAGRA FOODS, INC.
205887102
2,079,000.00
COP
6,902,359.70
285,262
71.95
CONOCOPHILLIPS
20825C104
20,524,600.90
GLW
2,168,086.34
110,200
18.71
CORNING INC
219350105
2,061,842.01
CFC
1,862,107.20
128,400
42.45
COUNTRYWIDE FINANCIAL CORP
222372104
5,450,580.00
CVH
4,256,235.42
118,500
50.05
COVENTRY HEALTH CARE INC.
222862104
5,930,925.00
CCI
2,268,393.92
137,000
32.30
CROWN CASTLE INTL CO
228227104
4,425,100.00
DHI
856,591.35
42,867
26.49
D.R. HORTON INC.
23331A109
1,135,546.83
DRI
2,374,953.33
89,700
40.17
DARDEN RESTAURANTS INC
237194105
3,603,249.00
DE
2,245,900.14
41,400
95.07
DEERE & CO.
244199105
3,935,898.00
DELL
948,754.53
27,957
25.09
DELL INC
24702R101
701,441.13
DVN
7,219,646.31
201,600
67.08
DEVON ENERGY CORPORATION
25179M103
13,523,328.00
DO
4,693,588.14
101,700
79.94
DIAMOND OFFSHORE DRILLING
25271C102
8,129,898.00
DIS
11,712,668.79
429,000
34.27
DISNEY (WALT) CO.
254687106
14,701,830.00
DOV
4,648,953.40
124,400
49.02
DOVER CORP.
260003108
6,098,088.00
DOW
5,973,379.35
174,600
39.94
DOW CHEMICAL CO
260543103
6,973,524.00
DUK
3,360,858.75
134,700
33.21
DUKE ENERGY CORPORATION
26441C105
4,473,387.00
DD
9,110,194.97
190,100
48.71
E I DUPONT DE NEM.
263534109
9,259,771.00
ETFC
3,693,678.92
274,800
22.42
E*TRADE GROUP INC.
269246104
6,161,016.00
ETN
2,551,108.13
54,300
75.14
EATON CORP.
278058102
4,080,102.00
AGE
3,679,537.49
85,700
63.29
EDWARDS (A.G.) INC
281760108
5,423,953.00
EP
35,257,541.17
2,220,000
15.28
EL PASO CORP
28336L109
33,921,600.00
EDS
8,218,482.12
317,900
27.55
ELECTRONIC DATA SYSTEMS
285661104
8,758,145.00
LLY
3,457,109.22
70,600
52.10
ELI LILLY & COMPANY
532457108
3,678,260.00
EQ
1,814,257.48
43,769
52.56
EMBARQ CORP
29078E105
2,300,498.64
EMC
7,435,010.40
529,100
13.20
EMC CORP
268648102
6,984,120.00
EMR
6,118,765.73
239,800
44.09
EMERSON ELECTRIC CO
291011104
10,572,782.00
EL
6,457,973.50
167,000
40.82
ESTEE LAUDER CO.
518439104
6,816,940.00
ESRX
1,898,869.67
51,400
71.60
EXPRESS SCRIPTS
302182100
3,680,240.00
Instrument:
COMMON STOCK
COM
XOM
25,539,737.88
964,800
76.63
EXXON MOBIL CORPORATION
30231G102
73,932,624.00
FNM
3,227,853.10
66,100
59.39
FED. NATL. MTG. ASSN.
313586109
3,925,679.00
FDX
2,581,471.22
49,100
108.62
FEDEX CORPORATION
31428X106
5,333,242.00
FRX
6,277,577.23
195,100
50.60
FOREST LABORATORIES INC.
345838106
9,872,060.00
BEN
3,182,623.12
49,200
110.17
FRANKLIN RESOURCES INC
354613101
5,420,364.00
FRE
4,172,971.55
85,200
67.90
FREDDIE MAC
313400301
5,785,080.00
FCX
12,306,813.49
238,227
55.73
FREEPORT MCMORAN CLASS B
35671D857
13,276,390.71
GCI
2,857,074.27
39,500
60.46
GANNETT INC
364730101
2,388,170.00
GPS
3,644,382.75
178,800
19.50
GAP INC
364760108
3,486,600.00
DNA
2,748,142.75
55,000
81.13
GENENTECH INC.
368710406
4,462,150.00
GE
35,263,254.23
1,512,300
37.21
GENERAL ELECTRIC CO
369604103
56,272,683.00
GIS
3,492,549.02
78,700
57.60
GENERAL MILLS INC
370334104
4,533,120.00
GILD
3,548,369.50
172,800
64.93
GILEAD SCIENCES INC.
375558103
11,219,904.00
GS
5,312,568.72
67,000
199.35
GOLDMAN SACHS GROUP INC
38141G104
13,356,450.00
GOOG
11,170,553.00
27,500
460.48
GOOGLE INC - CL A
38259P508
12,663,200.00
GWW
1,449,239.50
29,200
69.94
GRAINGER W W INC
384802104
2,042,248.00
HAL
4,605,769.00
328,800
31.05
HALLIBURTON COMPANY
406216101
10,209,240.00
HOG
1,976,402.95
45,600
70.47
HARLEY-DAVIDSON INC
412822108
3,213,432.00
HIG
5,426,653.49
85,500
93.31
HARTFORD FINL SERVICES
416515104
7,978,005.00
HNT
2,233,855.29
78,900
48.66
HEALTH NET INC
42222G108
3,839,274.00
HNZ
3,543,315.71
98,900
45.01
HEINZ H. J. CO.
423074103
4,451,489.00
HPQ
12,585,874.67
568,600
41.19
HEWLETT-PACKARD CO
428236103
23,420,634.00
HD
11,871,257.75
434,200
40.16
HOME DEPOT INC.
437076102
17,437,472.00
HON
10,780,745.71
273,900
45.24
HONEYWELL INTERNATIONAL INC
438516106
12,391,236.00
HUM
2,471,230.72
129,700
55.31
HUMANA INC.
444859102
7,173,707.00
INTC
24,584,196.58
1,156,500
20.25
INTEL CORP.
458140100
23,419,125.00
IBM
18,359,311.43
244,200
97.15
INTL BUS MACH CORP
459200101
23,724,030.00
JCP
969,350.94
34,000
77.36
J C PENNEY INC
708160106
2,630,240.00
JBL
2,339,711.65
103,500
24.55
JABIL CIRCUIT INC
466313103
2,540,925.00
JNS
2,585,491.40
155,000
21.59
JANUS CAPITAL GROUP INC
47102X105
3,346,450.00
Instrument:
COMMON STOCK
COM
JDSU
10,506,175.18
428,512
16.66
JDS UNIPHASE CORP
46612J507
7,139,009.92
JNJ
17,847,155.83
514,000
66.02
JOHNSON & JOHNSON
478160104
33,934,280.00
JPM
21,576,743.82
607,418
48.30
JPMORGAN CHASE & CO.
46625H100
29,338,289.39
KBH
448,188.01
13,600
51.28
KB HOME
48666K109
697,408.00
KEY
1,682,117.84
60,100
38.03
KEYCORP
493267108
2,285,603.00
KG
16,181,852.85
1,043,513
15.92
KING PHARMACEUTICALS
495582108
16,612,726.96
KLAC
5,443,195.90
116,000
49.75
KLA-TENCOR CORP.
482480100
5,771,000.00
KSS
2,206,994.42
46,100
68.43
KOHLS CORP
500255104
3,154,623.00
KFT
6,485,845.90
209,400
35.70
KRAFT FOODS INC - A
50075N104
7,475,580.00
LH
1,056,595.38
22,600
73.47
LABORATORY CRP OF AMER HLDGS
50540R409
1,660,422.00
LRCX
1,944,846.35
86,400
50.62
LAM RESEARCH CORP
512807108
4,373,568.00
LEH
2,309,558.98
84,200
78.12
LEHMAN BROTHERS HOLDING
524908100
6,577,704.00
LBTYA
1,123,768.88
57,940
29.15
LIBERTY GLOBAL INC
530555101
1,688,951.00
LCAPA
1,924,234.74
28,485
97.98
LIBERTY MEDIA HOLD-CAP SER A
53071M302
2,790,960.30
LINTA
2,650,232.99
142,425
21.57
LIBERTY MEDIA-INTERACTIVE A
53071M104
3,072,107.25
LNC
4,366,767.84
105,400
66.40
LINCOLN NATIONAL CORP
534187109
6,998,560.00
LMT
2,592,034.51
58,400
92.07
LOCKHEED MARTIN CORPORATION
539830109
5,376,888.00
LTR
3,080,986.50
85,000
41.47
LOEWS CORP
540424108
3,524,950.00
LOW
2,327,834.73
184,200
31.15
LOWE'S COS
548661107
5,737,830.00
LSI
11,064,540.33
1,131,000
9.00
LSI LOGIC CORP
502161102
10,179,000.00
MRO
7,733,061.96
161,000
92.50
MARATHON OIL CORP
565849106
14,892,500.00
MAR
1,356,978.11
56,800
47.72
MARRIOTT INT'L INC CL-A
571903202
2,710,496.00
MMC
3,238,752.59
94,700
30.66
MARSH & MCLENNAN COS.
571748102
2,903,502.00
MAS
4,597,206.45
162,300
29.87
MASCO CORP.
574599106
4,847,901.00
MBI
2,453,161.34
52,600
73.06
MBIA INC.
55262C100
3,842,956.00
MCD
5,359,305.40
179,656
44.33
MCDONALDS CORPORATION
580135101
7,964,150.48
MWV
2,611,537.17
95,401
30.06
MEADWESTVACO
583334107
2,867,754.06
MDT
5,427,023.44
181,100
53.51
MEDTRONIC INC
585055106
9,690,661.00
MRK
28,241,614.79
682,411
43.60
MERCK & CO INC
589331107
29,753,119.60
MER
6,456,047.64
146,600
93.10
MERRILL LYNCH & CO. INC.
590188108
13,648,460.00
Instrument:
COMMON STOCK
COM
MET
5,263,953.01
149,900
59.01
METLIFE INC
59156R108
8,845,599.00
MU
7,107,169.47
455,035
13.96
MICRON TECHNOLOGY INC
595112103
6,352,288.60
MSFT
36,483,017.21
1,447,100
29.86
MICROSOFT CORP.
594918104
43,210,406.00
MS
10,653,602.66
234,700
81.43
MORGAN STANLEY DEAN WITTER &
617446448
19,111,621.00
MOT
12,795,233.67
729,100
20.56
MOTOROLA INC
620076109
14,990,296.00
MYL
2,470,032.68
150,200
19.96
MYLAN LABS
628530107
2,997,992.00
NBR
31,476,673.95
995,500
29.78
NABORS INDUSTRIES LTD.
G6359F103
29,645,990.00
NCC
6,112,273.00
188,200
36.56
NATIONAL CITY CORP
635405103
6,880,592.00
NSM
2,351,524.87
166,200
22.70
NATIONAL SEMICONDUCTOR CORP.
637640103
3,772,740.00
NFX
2,558,833.02
63,000
45.95
NEWFIELD EXPLORATION COMPANY
651290108
2,894,850.00
NEM
2,133,191.80
58,500
45.15
NEWMONT MNG. CORP. HLDG CO
651639106
2,641,275.00
NWS.A
9,185,350.92
495,280
21.48
NEWS CORP INC-CL A
65248E104
10,638,614.40
NSC
2,943,662.12
125,700
50.29
NORFOLK SOUTHERN CORP.
655844108
6,321,453.00
NT
61,134,318.81
1,700,000
26.73
NORTEL NETWORKS CORP.
656568508
45,441,000.00
NOC
5,804,662.51
122,100
67.70
NORTHROP GRUMMAN CORP.
666807102
8,266,170.00
NUE
1,741,150.00
117,000
54.66
NUCOR CORP
670346105
6,395,220.00
OXY
6,641,898.08
266,800
48.83
OCCIDENTAL PETROLEUM CORP.
674599105
13,027,844.00
ORI
3,539,110.27
189,875
23.28
OLD REPUBLIC INT'L CORP.
680223104
4,420,290.00
OCR
20,690,200.33
563,900
38.63
OMNICARE INC.
681904108
21,783,457.00
ORCL
6,909,198.14
693,900
17.14
ORACLE SYS. CORP.
68389X105
11,893,446.00
OSUR
10,976,698.88
1,298,177
8.26
ORASURE TECHNOLOGIES
68554V108
10,722,942.03
PCAR
3,580,524.38
116,700
64.90
PACCAR INC
693718108
7,573,830.00
PCG
4,911,315.86
142,500
47.33
PACIFIC GAS & ELEC. CO.
69331C108
6,744,525.00
PH
5,719,142.85
104,700
76.88
PARKER-HANNIFIN CORP.
701094104
8,049,336.00
PBG
2,948,968.00
92,000
30.91
PEPSI BOTTLING GROUP INC
713409100
2,843,720.00
PEP
9,483,475.29
292,720
62.55
PEPSICO INC.
713448108
18,309,636.00
PETM
2,474,318.43
80,300
28.86
PETSMART INC
716768106
2,317,458.00
PFE
52,703,392.96
2,243,896
25.90
PFIZER INC.
717081103
58,116,906.40
PD
849,602.75
30,000
119.72
PHELPS DODGE CORP.
717265102
3,591,600.00
PMCS
12,673,040.00
1,850,000
6.71
PMC-SIERRA INC
69344F106
12,413,500.00
Instrument:
COMMON STOCK
COM
PLCM
2,238,856.78
112,200
30.91
POLYCOM INC.
73172K104
3,468,102.00
PFG
1,597,734.71
49,000
58.70
PRINCIPAL FINANCIAL GROUP
74251V102
2,876,300.00
PG
18,117,625.02
538,065
64.27
PROCTER & GAMBLE CO
742718109
34,581,437.55
PGR
4,677,829.35
214,400
24.22
PROGRESSIVE CORP
743315103
5,192,768.00
PRU
4,404,884.62
112,000
85.86
PRUDENTIAL FINANCIAL INC
744320102
9,616,320.00
QCOM
5,173,289.57
227,200
37.79
QUALCOMM INC
747525103
8,585,888.00
DGX
4,674,048.94
102,600
53.00
QUEST DIAGNOSTICS INC
74834L100
5,437,800.00
Q
26,707,473.42
4,004,442
8.37
QWEST COMMUNICATIONS INTL.
749121109
33,517,179.53
RTN
2,389,882.05
67,600
52.80
RAYTHEON COMPANY
755111507
3,569,280.00
RSG
1,622,818.77
76,200
40.67
REPUBLIC SERVICES INC
760759100
3,099,054.00
RAI
2,553,341.22
89,600
65.47
REYNOLDS AMERICAN INC
761713106
5,866,112.00
RAD
2,108,753.88
522,400
5.44
RITE AID CORP.
767754104
2,841,856.00
RHI
1,389,405.71
62,400
37.12
ROBERT HALF INTL INC
770323103
2,316,288.00
ROK
3,349,547.12
89,800
61.08
ROCKWELL AUTOMATION INC
773903109
5,484,984.00
COL
2,277,308.70
68,800
63.29
ROCKWELL COLLINS
774341101
4,354,352.00
ROH
4,735,739.58
115,000
51.12
ROHM & HAAS CO
775371107
5,878,800.00
TSG
2,786,857.08
110,000
31.89
SABRE HOLDINGS CORP.
785905100
3,507,900.00
SAF
2,173,834.00
58,000
62.55
SAFECO CORP.
786429100
3,627,900.00
SLE
2,038,331.56
115,000
17.03
SARA LEE CORP.
803111103
1,958,450.00
SGP
8,295,412.31
417,600
23.64
SCHERING-PLOUGH
806605101
9,872,064.00
SHLD
2,695,564.83
31,540
167.93
SEARS HOLDINGS CORP
812350106
5,296,512.20
S
18,227,236.78
900,892
18.89
SPRINT NEXTEL CORP
852061100
17,017,849.88
STJ
1,875,316.95
104,200
36.56
ST JUDE MED. INC.
790849103
3,809,552.00
STA
12,715,985.27
311,000
53.69
ST PAUL TRAVELERS COS INC
792860108
16,697,590.00
SPLS
2,817,637.48
201,450
26.70
STAPLES INC
855030102
5,378,715.00
HOT
0.00
30,900
62.50
STARWOOD RESORTS
85590A401
1,931,250.00
SYK
1,258,902.89
43,100
55.11
STRYKER CORP.
863667101
2,375,241.00
SUNW
30,793,931.95
4,612,800
5.42
SUN MICROSYSTEMS INC.
866810104
25,001,376.00
SUN
8,012,088.60
152,200
62.36
SUNOCO, INC.
86764P109
9,491,192.00
SVU
1,846,926.21
77,600
35.75
SUPER VALU STORES INC.
868536103
2,774,200.00
Instrument:
COMMON STOCK
COM
SYMC
1,067,932.47
98,700
20.85
SYMANTEC CORP
871503108
2,057,895.00
TGT
3,081,155.52
104,900
57.05
TARGET CORP
87612E106
5,984,545.00
TLAB
3,136,318.73
304,199
10.26
TELLABS INC.
879664100
3,121,081.74
THC
11,339,138.15
1,385,600
6.97
TENET HEALTHCARE CORP
88033G100
9,657,632.00
TXN
12,465,238.17
447,600
28.80
TEXAS INSTRS INC
882508104
12,890,880.00
TXT
1,480,578.00
20,000
93.77
TEXTRON INC.
883203101
1,875,400.00
DTV
3,552,720.00
142,000
24.94
THE DIRECTV GROUP INC
25459L106
3,541,480.00
TWX
20,511,100.74
678,300
21.78
TIME WARNER INC.
887317105
14,773,374.00
TXU
1,744,572.26
87,400
54.21
TXU CORPORATION
873168108
4,737,954.00
TYC
25,082,886.20
914,000
30.40
TYCO INTERNATIONAL LTD
902124106
27,785,600.00
UPS
3,959,596.57
59,200
74.98
UNITED PARCEL SERVICES INC
911312106
4,438,816.00
X
1,448,608.80
52,900
73.14
UNITED STATES STEEL CORP.
912909108
3,869,106.00
UTX
5,594,074.30
156,200
62.52
UNITED TECHNOLOGIES
913017109
9,765,624.00
UNH
3,008,969.91
172,980
53.73
UNITEDHEALTH GROUP INC
91324P102
9,294,215.40
USB
7,151,546.59
297,700
36.19
US BANCORP
902973304
10,773,763.00
VZ
20,965,353.19
589,300
37.24
VERIZON COMMUNICATIONS
92343V104
21,945,532.00
VIA.B
6,515,347.56
139,550
41.03
VIACOM INC. CL B
92553P201
5,725,736.50
WB
13,649,799.85
345,048
56.95
WACHOVIA CORP.
929903102
19,650,483.60
WMT
12,823,311.35
392,000
46.18
WAL MART STORES INC
931142103
18,102,560.00
WAG
2,444,039.13
109,400
45.89
WALGREEN CO.
931422109
5,020,366.00
WMI
7,126,580.20
202,000
36.77
WASTE MANAGEMENT INC.
94106L109
7,427,540.00
WLP
2,555,271.68
73,800
78.69
WELLPOINT INC.
94973V107
5,807,322.00
WFC
6,278,329.18
407,600
35.56
WELLS FARGO COMPANY
949746101
14,494,256.00
WYE
14,827,617.56
376,500
50.92
WYETH
983024100
19,171,380.00
YUM
2,118,903.69
81,900
58.80
YUM BRANDS, INC.
988498101
4,815,720.00
COMMON STOCK  TOTAL
1,708,662,627.58
2,392,313,692.33
73,099,549
LARGE-CAP GROWTH (F) TOTAL
1,708,662,627.58
2,392,313,692.33
73,099,549