Instrument - COM       COMMON STOCK

ADEZA BIOMEDICAL CORP                      0.000 ADZA    006864102     21.0500        65,047.00      1,124,104.80      1,369,239.35
AFFILIATED MANAGERS GROUP                  0.000 AMG     008252108     80.2500        65,140.00      3,291,006.13      5,227,485.00
AKAMAI TECHNOLOGIES                        0.000 AKAM    00971T101     19.9300        69,380.00      1,024,168.03      1,382,743.40
AMERICAN REPROGRAPHICS CO                  0.000 ARP     029263100     25.4100       121,357.00      1,906,868.97      3,083,681.37
ATWOOD OCEANICS                            0.000 ATW     050095108     78.0300        10,149.00        783,448.47        791,926.47
AVOCENT CORPORATION                        0.000 AVCT    053893103     27.1900        44,248.00      1,422,207.52      1,203,103.12
BRIGHT HORIZON FAMIL                       0.000 BFAM    109195107     37.0500        50,665.00      1,379,530.52      1,877,138.25
BROWN & BROWN INC                          0.654 BRO     115236101     30.5400       104,080.00      2,072,156.16      3,178,603.20
CARBO CERAMICS, INC.                       0.707 CRR     140781105     56.5200        24,552.00      1,080,114.30      1,387,679.04
CARMIKE CINEMAS INC                        2.760 CKEC    143436400     25.3600        32,755.00      1,093,148.49        830,666.80
CHARLES RIVER LABORATORIES                 0.000 CRL     159864107     42.3700        33,666.00      1,418,643.00      1,426,428.42
CHEESECAKE FACTORY (THE)                   0.000 CAKE    163072101     37.3900       118,534.00      3,041,496.38      4,431,986.26
CHEMED CORP                                0.483 CHE     16359R103     49.6800        40,255.00      1,700,245.38      1,999,868.40
CHICAGO BRIDGE & IRON COMPANY              0.357 CBI     167250109     25.2100        44,470.00        889,722.36      1,121,088.70
CINTAS CORP                                0.777 CTAS    172908105     41.1800        53,877.00      2,262,950.16      2,218,654.86
COGNEX CORP.                               1.063 CGNX    192422103     30.0900        73,453.00      1,803,881.49      2,210,200.77
CORPORATE EXECUTIVE BOARD CO               0.445 EXBD    21988R102     89.7000        61,926.00      3,125,152.45      5,554,762.20
CRA INTERNATIONAL INC                      0.000 CRAI    12618T105     47.6900        16,479.00        733,734.86        785,883.51
DOLLAR TREE STORES INC                     0.000 DLTR    256747106     23.9400        94,218.00      2,228,006.29      2,255,578.92
EDUCATION MANAGEMENT COPR                  0.000 EDMC    28139T101     33.5100       143,731.00      3,708,517.86      4,816,425.81
ENZON PHARMACEUTICALS INC                  0.000 ENZN    293904108      7.4000        93,314.00      1,040,936.29        690,523.60
FASTENAL CO                                0.791 FAST    311900104     39.1900       195,444.00      4,053,617.26      7,659,450.36
FINANCIAL FEDERAL CORP.                    1.349 FIF     317492106     44.4500        95,120.00      2,883,265.90      4,228,084.00
FORRESTER RESEARCH INC                     0.000 FORR    346563109     18.7500        72,965.00      1,361,012.66      1,368,093.75
GOLAR LNG LTD                              0.000 GLNG    G9456A100     13.2500        98,646.00      1,393,519.67      1,307,059.50
GUITAR CENTER INC                          0.000 GTRC    402040109     50.0100        38,048.00      2,149,906.43      1,902,780.48
HYDRIL                                     0.000 HYDL    448774109     62.6000        21,408.00      1,206,635.68      1,340,140.80
IHS INC-CLASS A                            0.000 IHS     451734107     20.5200        47,526.00        896,333.34        975,233.52
INTERWOVEN INC                             0.000 IWOV    46114T508      8.4700        47,626.00        380,298.66        403,392.22
IXIA                                       0.000 XXIA    45071R109     14.7800        95,313.00      1,329,043.00      1,408,726.14
LIFE TIME FITNESS INC                      0.000 LTM     53217R207     38.0900        68,122.00      2,015,966.07      2,594,766.98
LINCARE HOLDINGS INC.                      0.000 LNCR    532791100     41.9100        99,697.00      3,405,765.97      4,178,301.27
LKQ CORP                                   0.000 LKQX    501889208     34.6200        77,274.00      2,228,803.65      2,675,225.88
MARTEK BIOSCIENCES CORP                    0.000 MATK    572901106     24.6100        93,625.00      3,272,961.59      2,304,111.25
MICROCHIP TECHNOLOGY INC.                  1.990 MCHP    595017104     32.1500       145,331.00      3,899,732.31      4,672,391.65
NATIONAL INSTRUMENTS CORP.                 0.624 NATI    636518102     32.0500        89,531.00      2,057,364.38      2,869,468.55
NEUSTAR INC-CLASS A                        0.000 NSR     64126X201     30.4900        79,985.00      2,253,777.56      2,438,742.65
P.F.CHANGS CHINA BISTRO INC                0.000 PFCB    69333Y108     49.6300        45,145.00      2,224,243.63      2,240,546.35
PATTERSON COS INC                          0.000 PDCO    703395103     33.4000        29,049.00        830,069.44        970,236.60

Instrument - COM       COMMON STOCK

PATTERSON-UTI ENERGY INC                   0.485 PTEN    703481101     32.9500        50,700.00      1,045,597.49      1,670,565.00
POLYCOM INC.                               0.000 PLCM    73172K104     15.3000       147,980.00      2,194,005.18      2,264,094.00
POLYMEDICA CORP                            1.792 PLMD    731738100     33.4700       107,441.00      2,586,800.72      3,596,050.27
PRIME MONEY MARKET - 6MA                   0.000 IT-MAW  IT-MAW         1.0000     4,783,090.17      4,783,090.84      4,783,090.25
RESMED INC                                 0.000 RMD     761152107     38.3100       163,012.00      3,318,445.96      6,244,989.72
RESOURCES GLOBAL PROFESSIONALS             0.000 RECN    76122Q105     26.0600        80,199.00      2,196,266.11      2,089,985.94
SEMTECH CORPORATION                        0.000 SMTC    816850101     18.2600       102,957.00      1,711,327.86      1,879,994.82
SRA INTERNATIONAL INC - CLASS              0.000 SRX     78464R105     30.5400        82,178.00      1,933,729.43      2,509,716.12
STERICYCLE INC                             0.000 SRCL    858912108     58.8800        38,232.00      1,972,397.90      2,251,100.16
SURMODICS INC                              0.000 SRDX    868873100     36.9900        18,275.00        747,623.58        675,992.25
TEXAS ROADHOUSE INC-CLASS A                0.000 TXRH    882681109     15.5500       101,141.00      1,391,884.53      1,572,742.55
THOR INDUSTRIES INC                        0.499 THO     885160101     40.0700        76,323.00      2,375,228.60      3,058,262.61
UNITED NATURAL FOODS INC.                  0.000 UNFI    911163103     26.4000        62,221.00      1,535,063.64      1,642,634.40
UNIVERSAL TECHNICAL INSTITUTE              0.000 UTI     913915104     30.9400        78,831.00      2,619,033.23      2,439,031.14
UTI WORLDWIDE INC                          0.161 UTIW    G87210103     92.8400        70,049.00      2,978,921.74      6,503,349.16
VCA ANTECH INC                             0.000 WOOF    918194101     28.2000       124,446.00      2,682,895.14      3,509,377.20
VISTAPRINT LTD                             0.000 VPRT    G93762204     22.7540        40,025.00        597,929.20        910,728.85
WASTE CONNECTIONS INC                      0.000 WCN     941053100     34.4600        53,715.00      1,890,502.42      1,851,018.90
WEBEX COMMUNICATIONS INC                   0.000 WEBX    94767L109     21.6300        84,062.00      1,647,522.58      1,818,261.06
WEST CORP.                                 0.000 WSTC    952355105     42.1500       114,811.00      3,204,982.13      4,839,283.65
WESTWOOD ONE                               2.454 WON     961815107     16.3000        72,573.00      2,124,494.04      1,182,939.90
ZEBRA TECHNOLOGIES CORP CL-A               0.000 ZBRA    989207105     42.8500        57,940.00      1,852,907.84      2,482,729.00

Instrument Total            61                                                     9,311,352.17    122,363,007.27    153,156,356.35

Portfolio Total             61                                                     9,311,352.17    122,363,007.27    153,156,356.35

