Instrument - COM       COMMON STOCK

ABERCROMBIE & FITCH CO                     1.073 ANF     002896207     65.1800       350,000.00     16,118,375.52     22,813,000.00
ADVANCE AUTO PARTS INC                     0.000 AAP     00751Y106     43.4600       458,000.00     15,293,512.73     19,904,680.00
AES CORP                                   0.000 AES     00130H105     15.8300       331,000.00      5,998,801.76      5,239,730.00
ALLERGAN PHARMACEUTICALS INC.              0.370 AGN     018490102Q   107.9600       270,000.00     19,758,745.80     29,149,200.00
AMERICAN POWER CONVERSION                  1.818 APCC    029066107     22.0000       434,000.00     10,514,560.97      9,548,000.00
AMPHENOL CORP-CL A                         0.271 APH     032095101     44.2600       480,000.00     18,815,771.12     21,244,800.00
AMR CORP.                                  0.000 AMR     001765106     22.2300     1,000,000.00     13,092,751.18     22,230,000.00
ANALOG DEVICES                             1.338 ADI     032654105     35.8700       710,000.00     28,466,061.24     25,467,700.00
APPLEBEES INT'L. INC.                      0.885 APPB    037899101     22.5900       330,000.00      7,384,090.43      7,454,700.00
ASM LITHOGRAPHY HOLD - NY REG              0.000 ASML    N07059111     20.0800       700,000.00     11,701,329.27     14,056,000.00
AUTODESK INC.                              0.139 ADSK    052769106Q    42.9500       575,000.00     13,594,505.29     24,696,250.00
BARD C. R. INC.                            0.788 BCR     067383109Q    65.9200       320,000.00     15,276,181.52     21,094,400.00
BARR PHARMACEUTICALS INC.                  0.000 BRL     068306109     62.2900       391,000.00     16,433,447.33     24,355,390.00
BAUSCH & LOMB INC                          0.765 BOL     071707103Q    67.9000       240,000.00     19,340,686.03     16,296,000.00
BEA SYSTEMS INC                            0.000 BEAS    073325102      9.4000     1,200,000.00     11,037,735.62     11,280,000.00
BEBE STORES INC                            1.140 BEBE    075571109     14.0300       391,000.00     10,296,467.21      5,485,730.00
BERKLEY (WR) CORP                          0.420 BER     084423102     47.6200       320,000.00     10,766,565.84     15,238,400.00
BIOMET INC.                                0.683 BMET    090613100     36.5700       700,000.00     21,937,215.55     25,599,000.00
BMC SOFTWARE                               0.000 BMC     055921100     20.4900       300,000.00      6,301,521.44      6,147,000.00
BROWN & BROWN INC                          0.654 BRO     115236101     30.5400       520,000.00     11,302,545.11     15,880,800.00
BROWN-FORMAN -CL B                         1.615 BF.B    115637209Q    69.3200       200,000.00     11,701,802.42     13,864,000.00
CADENCE DESIGN SYS INC                     0.000 CDNS    127387108     16.9200       800,000.00     12,273,571.67     13,536,000.00
CAREMARK RX INC                            0.000 CMX     141705103     51.7900       235,000.00     12,463,128.00     12,170,650.00
CB RICHARD ELLIS GROUP INC-A               0.000 CBG     12497T101     58.8500       300,000.00     13,296,746.68     17,655,000.00
CELGENE CORP                               0.000 CELG    151020104     64.8000       304,000.00      9,770,889.96     19,699,200.00
CERNER CORP.                               0.000 CERN    156782104     90.9100       150,000.00     10,768,968.29     13,636,500.00
CHEESECAKE FACTORY (THE)                   0.000 CAKE    163072101     37.3900       380,000.00     11,429,966.98     14,208,200.00
CHICAGO MERCANTILE EXCHANGE                0.500 CME     167760107    367.4900        60,000.00     11,735,094.83     22,049,400.00
CHICO'S FAS INC                            0.000 CHS     168615102     43.9300       382,000.00     11,770,439.24     16,781,260.00
CITRIX SYSTEMS INC                         0.000 CTXS    177376100     28.7800       550,000.00     15,457,494.80     15,829,000.00
COACH INC                                  0.000 COH     189754104     33.3400       860,000.00     18,447,754.19     28,672,400.00
COMPUWARE CORP                             0.000 CPWR    205638109      8.9700     1,800,000.00     13,947,055.60     16,146,000.00
COMVERSE TECHNOLOGY INC.                   0.000 CMVT    205862402     26.5900       485,000.00     12,288,450.43     12,896,150.00
CONSTELLATION BRANDS INC-A                 0.000 STZ     21036P108     26.2300       550,000.00     13,528,062.36     14,426,500.00
CORPORATE EXECUTIVE BOARD CO               0.445 EXBD    21988R102     89.7000       215,000.00     16,713,410.02     19,285,500.00
COVENTRY HEALTH CARE INC.                  0.000 CVH     222862104     56.9600       430,000.00     16,912,624.68     24,492,800.00
DAVITA INC.                                0.000 DVA     23918K108     50.6400       340,000.00     12,461,442.69     17,217,600.00
DIAMOND OFFSHORE DRILLING                  0.718 DO      25271C102     69.5600       285,000.00     15,563,396.27     19,824,600.00
DOLLAR GENERAL                             0.943 DG      256669102     19.0700       734,000.00     13,104,587.67     13,997,380.00

Instrument - COM       COMMON STOCK

DST SYSTEMS INC                            0.000 DST     233326107     59.9100       224,000.00     10,095,278.02     13,419,840.00
DUN & BRADSTREET CORP                      0.000 DNB     26483E100     66.9600       249,955.00     14,039,098.12     16,736,986.80
EMC CORP                                   0.000 EMC     268648102     13.6200     1,205,000.00     16,465,366.47     16,412,100.00
EOG RESOURCES INC                          0.218 EOG     26875P101     73.3700       430,000.00     23,781,962.46     31,549,100.00
EQUIFAX INC                                0.420 EFX     294429105     38.0200       550,000.00     16,631,016.98     20,911,000.00
EQUITABLE RESOURCES INC                    2.289 EQT     294549100     36.6900       370,000.00     13,699,869.46     13,575,300.00
EXPRESS SCRIPTS                            0.000 ESRX    302182100     83.8000       240,000.00      9,334,652.19     20,112,000.00
FLORIDA ROCK INDS                          1.223 FRK     341140101S    49.0600       310,000.00     14,279,239.11     15,208,600.00
FOREST LABORATORIES INC.                   0.000 FRX     345838106     40.6800       183,000.00      5,789,802.48      7,444,440.00
FORTUNE BRANDS INC.                        1.845 FO      349631101Q    78.0200       300,000.00     13,841,419.54     23,406,000.00
FREESCALE SEMICONDUCTOR INC -              0.000 FSL.B   35687M206     25.1700       610,000.00     12,182,860.03     15,353,700.00
GETTY IMAGES INC.                          0.000 GYI     374276103     89.2700       250,000.00     16,891,292.02     22,317,500.00
GLOBAL PAYMENTS INC                        0.171 GPN     37940X102     46.6100       465,000.00     15,365,412.36     21,673,650.00
GRANT PRIDECO INC.                         0.000 GRP     38821G101     44.1200       485,000.00     11,491,075.59     21,398,200.00
H & R BLOCK INC.                           2.036 HRB     093671105Q    24.5500       916,000.00     24,229,494.89     22,487,800.00
HARRIS CORP.                               0.744 HRS     413875105Q    43.0100       450,000.00     13,375,798.68     19,354,500.00
HUMANA INC.                                0.000 HUM     444859102     54.3300       161,000.00      6,878,864.00      8,747,130.00
IMCLONE SYSTEMS                            0.000 IMCL    45245W109     34.2400       308,300.00     10,482,913.25     10,556,192.00
ITT INDUSTRIES INC                         0.700 ITT     450911102    102.8200       250,000.00     24,420,658.38     25,705,000.00
JACOBS ENGINEERING GROUP                   0.000 JEC     469814107     67.8700       185,000.00      8,708,197.26     12,555,950.00
JOY GLOBAL INC                             1.125 JOYG    481165108     40.0000       460,000.00     10,336,498.16     18,400,000.00
JUNIPER NETWORKS INC                       0.000 JNPR    48203R104     22.3000       500,000.00     11,321,005.00     11,150,000.00
KLA-TENCOR CORP.                           0.973 KLAC    482480100     49.3300       510,000.00     24,708,960.57     25,158,300.00
LABORATORY CRP OF AMER HLDGS               0.000 LH      50540R409     53.8500       400,000.00     16,239,273.81     21,540,000.00
LEGG MASON INC.                            0.601 LM      524901105    119.6900       221,000.00     14,088,881.10     26,451,490.00
LEHMAN BROTHERS HOLDING                    0.624 LEH     524908100Q   128.1700        75,000.00      7,146,462.89      9,612,750.00
LIBERTY GOLBAL INC-SERIES C                0.000 LBTYK   530555309     21.2000       600,000.00     13,289,369.14     12,720,000.00
LINCARE HOLDINGS INC.                      0.000 LNCR    532791100     41.9100       380,000.00     14,576,638.71     15,925,800.00
LSI LOGIC CORP                             0.000 LSI     502161102      8.0000     1,700,000.00     14,646,236.14     13,600,000.00
LUCENT TECHNOLOGIES                        0.000 LU      549463107      2.6600     4,250,000.00     12,554,495.73     11,305,000.00
MCAFEE INC                                 0.000 MFE     579064106     27.1300       650,000.00     15,324,083.28     17,634,500.00
MEDIMMUNE INC                              0.000 MEDI    584699102     35.0200       575,000.00     17,961,549.63     20,136,500.00
MGM MIRAGE                                 0.000 MGM     552953101     36.6700       500,000.00     19,407,497.21     18,335,000.00
MICROCHIP TECHNOLOGY INC.                  1.990 MCHP    595017104     32.1500       530,000.00     13,759,483.03     17,039,500.00
MOODY'S CORPORATION                        0.455 MCO     615369105     61.4200       567,000.00     17,910,321.29     34,825,140.00
NCR CORPORATION                            0.000 NCR     62886E108     33.9400       215,000.00      5,898,451.43      7,297,100.00
NEWFIELD EXPLORATION COMPANY               0.000 NFX     651290108     50.0700       300,000.00     12,482,227.40     15,021,000.00
NEXTEL PARTNERS INC                        0.000 NXTP    65333F107     27.9400       537,000.00     11,657,007.38     15,003,780.00
NII HOLDINGS INC                           0.000 NIHD    62913F201     43.6800       350,000.00      9,508,231.14     15,288,000.00

Instrument - COM       COMMON STOCK

NORDSTROM INC                              0.909 JWN     655664100Q    37.4000       409,000.00      8,926,720.96     15,296,600.00
NORFOLK SOUTHERN CORP.                     1.159 NSC     655844108Q    44.8300       375,000.00     11,919,327.12     16,811,250.00
NOVELLUS SYSTEMS INC.                      0.621 NVLS    670008101     24.1200       437,000.00     10,216,957.16     10,540,440.00
PAYCHEX INC                                1.678 PAYX    704326107     38.1200       700,000.00     23,501,873.77     26,684,000.00
PEABODY ENERGY CORP                        0.461 BTU     704549104     82.4200       300,000.00     17,851,338.70     24,726,000.00
PHELPS DODGE CORP.                         1.042 PD      717265102Q   143.8700       160,000.00     17,235,122.30     23,019,200.00
PITNEY-BOWES, INC.                         2.934 PBI     724479100Q    42.2500       375,000.00     15,312,816.30     15,843,750.00
PRECISION CASTPARTS CORP                   0.231 PCP     740189105     51.8100       350,000.00     11,835,274.72     18,133,500.00
REPUBLIC SERVICES INC                      1.491 RSG     760759100     37.5500       307,000.00     11,173,219.26     11,527,850.00
ROCKWELL COLLINS                           1.032 COL     774341101     46.4700       482,000.00     16,548,613.77     22,398,540.00
ROSS STORES INC                            0.830 ROST    778296103     28.9000       628,000.00     15,809,840.14     18,149,200.00
SEPRACOR INC.                              0.000 SEPR    817315104     51.6000       400,000.00     18,675,177.11     20,640,000.00
SOUTHWESTERN ENERGY COMPANY                0.000 SWN     845467109     35.9400       366,000.00      7,429,322.13     13,154,040.00
STARWOOD RESORTS                           1.315 HOT     85590A203     63.8600       308,000.00     15,443,674.38     19,668,880.00
STATION CASINOS INC                        1.474 STN     857689103     67.8000       248,000.00     12,349,270.05     16,814,400.00
SUN MICROSYSTEMS INC.                      0.000 SUNW    866810104      4.1900     2,060,000.00     20,367,468.77      8,631,400.00
SUNOCO, INC.                               1.020 SUN     86764P109Q    78.3800       300,000.00     16,807,545.35     23,514,000.00
SYNOPSYS INC.                              0.000 SNPS    871607107     20.0600       607,000.00     12,431,740.76     12,176,420.00
T ROWE PRICE GROUP INC.                    1.554 TROW    74144T108Q    72.0300       250,000.00     10,831,124.70     18,007,500.00
TAIWAN SEMICONDUCTOR ADR                   2.351 TSM     874039100      9.9100     1,750,000.36     14,614,910.98     17,342,503.64
TECHNE CORPORATION                         0.000 TECH    878377100     56.1500       275,000.00     13,186,594.79     15,441,250.00
TESORO CORP                                0.649 TSO     881609101     61.5500       280,000.00     12,036,469.32     17,234,000.00
TEVA PHARMACEUTICAL INDUSTRIES             0.506 TEVA    881624209     43.0100       285,000.00      8,345,197.98     12,257,850.00
THE MEN'S WEARHOUSE INC.                   0.000 MW      587118100     29.4400       450,000.00     14,319,523.05     13,248,000.00
UNIVISION COMMUNICATIONS                   0.000 UVN     914906102     29.3900       425,000.00     11,825,063.09     12,490,750.00
UST INC.                                   5.388 UST     902911106Q    40.8300       425,000.00     19,004,409.10     17,352,750.00
VARIAN MEDICAL SYSTEMS                     0.000 VAR     92220P105     50.3400       493,000.00     16,767,617.29     24,817,620.00
WILEY JOHN & SONS IN                       0.922 JW.A    968223206     39.0400       340,000.00     14,448,631.46     13,273,600.00
WILLIAMS COS. INC.                         1.294 WMB     969457100Q    23.1700       703,000.00     14,385,406.50     16,288,510.00
XM SATELLITE RADIO HOLD-CL A               0.000 XMSR    983759101     27.2800       530,000.00     15,962,689.83     14,458,400.00
XTO ENERGY INC.                            0.682 XTO     98385X106     43.9400       200,000.00      8,861,193.35      8,788,000.00

Instrument Total           109                                                    55,760,255.36  1,520,290,836.26  1,873,667,972.44

Instrument -REIT      REAL ESTATE INVESTMENT TRUST

VENTAS INC.                                4.497 VTR     92276F100     32.0200       270,000.00      7,378,973.87      8,645,400.00

Instrument Total             1                                                       270,000.00      7,378,973.87      8,645,400.00

Portfolio Total            110                                                    56,030,255.36  1,527,669,810.13  1,882,313,372.44

