Instrument:
COMMON STOCK
COM
3M COMPANY
MMM
28,290,615.23
92.85
88579Y101
46,763,903.00
503,650
ABBOTT LABORATORIES
ABT
17,934,422.17
31.34
002824100
35,798,115.00
1,142,250
ABBVIE INC.
ABBV
19,548,176.84
34.16
00287Y109
39,019,260.00
1,142,250
ACCENTURE PLC
ACN
19,302,457.19
66.50
G1151C101
31,085,425.00
467,450
ACE LTD
ACE
13,128,753.43
79.80
H0023R105
19,618,830.00
245,850
ADOBE SYSTEMS INC.
ADBE
7,990,096.48
37.68
00724F101
13,566,684.00
360,050
ADT CORPORATION
ADT
3,985,578.39
46.49
00101J106
7,806,833.00
167,925
AETNA INC.
AET
3,010,650.49
46.30
00817Y108
11,672,230.00
252,100
AFLAC INC
AFL
10,361,541.10
53.12
001055102
18,036,896.00
339,550
AIR PROD. & CHEM.
APD
15,110,649.87
84.02
009158106
12,892,869.00
153,450
ALLERGAN INC.
AGN
10,968,787.66
91.73
018490102
20,203,532.00
220,250
ALLSTATE CORP
ALL
12,719,160.20
40.17
020002101
14,302,528.00
356,050
ALTRIA GROUP INC
MO
12,193,441.18
31.42
02209S103
46,416,766.00
1,477,300
AMAZON.COM INC
AMZN
19,494,855.20
251.14
023135106
65,949,364.00
262,600
AMERICAN ELECTRIC POWER
AEP
10,100,569.89
42.68
025537101
15,002,020.00
351,500
AMERICAN EXPRESS CO.
AXP
23,757,353.14
57.48
025816109
41,782,212.00
726,900
AMERICAN INTL GROUP
AIG
13,834,543.87
35.30
026874784
16,522,165.00
468,050
AMERICAN TOWER CORP
AMT
9,159,173.51
77.27
03027X100
22,137,855.00
286,500
AMGEN INC
AMGN
19,878,019.87
86.32
031162100
48,731,956.00
564,550
ANADARKO PETROLEUM CORP
APC
10,050,344.61
74.31
032511107
26,948,521.00
362,650
APACHE CORP.
APA
13,277,358.11
78.50
037411105
22,266,525.00
283,650
APPLE INC.
AAPL
28,466,893.55
533.03
037833100
361,820,764.00
678,800
ARCHER DANIELS MIDLAND CO
ADM
18,541,693.80
27.39
039483102
13,092,420.00
478,000
AT&T INC
T
123,819,731.15
33.71
00206R102
143,483,244.00
4,256,400
AUTOMATIC DATA PROC.
ADP
11,453,934.85
57.01
053015103
20,241,401.00
355,050
BAKER HUGHES CORP
BHI
12,195,484.71
40.84
057224107
13,003,456.00
318,400
BANK OF AMERICA CORP.
BAC
192,158,891.84
11.60
060505104
90,754,920.00
7,823,700
BAXTER INTL
BAX
11,058,882.07
66.66
071813109
26,644,002.00
399,700
BB&T CORPORATION
BBT
16,276,988.31
29.11
054937107
14,763,136.00
507,150
BECTON DICKINSON & COMPANY
BDX
5,224,060.05
78.19
075887109
11,497,839.00
147,050
BERKSHIRE HATHAWAY INC.
BRK.B
105,827,000.99
89.70
084670702
115,964,160.00
1,292,800
BIOGEN IDEC INC
BIIB
8,079,583.08
146.67
09062X103
25,513,247.00
173,950
BLACKROCK INC
BLK
17,174,313.32
206.71
09247X101
19,089,668.00
92,350
Instrument:
COMMON STOCK
COM
BOEING CO
BA
24,174,127.07
75.36
097023105
40,973,232.00
543,700
BRISTOL-MYERS SQUIBB
BMY
35,057,790.24
32.59
110122108
39,961,858.00
1,226,200
BROADCOM CORP
BRCM
10,505,553.48
33.21
111320107
13,284,000.00
400,000
CAPITAL ONE FINANCIAL CORP.
COF
23,985,374.03
57.93
14040H105
24,403,012.00
421,250
CARDINAL HEALTH INC.
CAH
8,586,802.46
41.18
14149Y108
10,342,357.00
251,150
CARNIVAL CORP
CCL
14,882,861.00
36.77
143658300
11,093,509.00
301,700
CATERPILLAR INC.
CAT
16,718,756.41
89.58
149123101
42,429,567.00
473,650
CBS CORP. CL. B
CBS
12,613,578.06
38.05
124857202
17,902,525.00
470,500
CELGENE CORP
CELG
11,063,831.60
78.72
151020104
25,166,784.00
319,700
CENTURYLINK INC
CTL
17,651,394.46
39.12
156700106
17,643,120.00
451,000
CHEVRON CORP.
CVX
54,926,388.77
108.14
166764100
154,867,294.00
1,432,100
CHUBB CORP
CB
6,208,954.76
75.32
171232101
14,762,720.00
196,000
CISCO SYSTEMS
CSCO
80,681,069.54
19.65
17275R102
76,417,868.00
3,888,950
CITIGROUP INC.
C
170,417,894.99
39.56
172967424
84,211,372.00
2,128,700
CME GROUP INC
CME
17,607,572.92
50.71
12572Q105
12,233,788.00
241,250
COACH INC
COH
12,234,377.20
55.51
189754104
11,576,611.00
208,550
COCA COLA CO.
KO
65,559,266.27
36.25
191216100
102,234,063.00
2,820,250
COGNIZANT TECH SOLUTIONS
CTSH
11,632,918.19
74.05
192446102
16,361,347.00
220,950
COLGATE PALMOLIVE
CL
13,769,228.33
104.54
194162103
36,223,110.00
346,500
COMCAST CORP - CL A
CMCSA
39,075,002.27
37.38
20030N101
72,872,310.00
1,949,500
CONOCOPHILLIPS
COP
17,357,354.91
57.99
20825C104
53,229,021.00
917,900
CONSOLIDATED EDISON INC.
ED
13,070,988.16
55.54
209115104
11,807,804.00
212,600
CORNING INC
GLW
16,694,227.06
12.62
219350105
13,903,454.00
1,101,700
COSTCO WHOLESALE CORP.
COST
12,219,677.43
98.77
22160K105
31,063,165.00
314,500
COVIDIEN PLC
COV
14,675,150.00
57.74
G2554F113
20,209,000.00
350,000
CSX CORP.
CSX
15,628,741.55
19.73
126408103
14,884,312.00
754,400
CUMMINS INC.
CMI
13,487,897.92
108.35
231021106
15,103,990.00
139,400
CVS/CAREMARK CORP
CVS
14,557,297.35
48.35
126650100
44,980,005.00
930,300
DANAHER CORP
DHR
9,140,533.98
55.90
235851102
23,556,260.00
421,400
DEERE & CO.
DE
7,832,169.80
86.42
244199105
24,953,775.00
288,750
DELL INC
DELL
27,201,191.92
10.13
24702R101
10,842,139.00
1,070,300
DEVON ENERGY CORPORATION
DVN
8,611,082.75
52.04
25179M103
15,276,342.00
293,550
DIRECTV
DTV
8,370,519.13
50.16
25490A309
21,997,668.00
438,550
Instrument:
COMMON STOCK
COM
DISCOVER FINANCIAL
DFS
12,936,000.00
38.55
254709108
14,841,750.00
385,000
DISNEY (WALT) CO.
DIS
35,387,419.48
49.79
254687106
64,602,525.00
1,297,500
DOMINION RESOURCES INC-VA
D
13,301,558.19
51.80
25746U109
21,489,230.00
414,850
DOW CHEMICAL CO
DOW
27,409,463.47
32.32
260543103
28,045,680.00
867,750
DUKE ENERGY CORPORATION
DUK
27,767,171.72
63.80
26441C204
32,600,715.00
510,983
E I DUPONT DE NEM.
DD
32,654,856.65
44.97
263534109
30,590,842.00
680,250
EBAY INC
EBAY
24,010,503.96
51.02
278642103
42,900,167.00
840,850
ECOLAB INC
ECL
12,550,455.87
71.90
278865100
13,567,530.00
188,700
ELI LILLY & COMPANY
LLY
36,367,969.54
49.32
532457108
36,689,148.00
743,900
EMC CORP
EMC
21,879,275.41
25.30
268648102
38,568,585.00
1,524,450
EMERSON ELECTRIC CO
EMR
13,587,334.23
52.96
291011104
28,201,200.00
532,500
EOG RESOURCES INC
EOG
12,631,577.32
120.79
26875P101
23,650,682.00
195,800
ESTEE LAUDER CO.
EL
8,446,729.62
59.86
518439104
10,002,606.00
167,100
EXELON CORP
EXC
20,910,064.40
29.74
30161N101
18,403,112.00
618,800
EXPRESS SCRIPTS HOLDING CO
ESRX
16,255,936.70
54.00
30219G108
31,571,100.00
584,650
EXXON MOBIL CORPORATION
XOM
99,084,093.61
86.55
30231G102
293,815,612.00
3,394,750
FACEBOOK INC-A
FB
10,125,320.59
26.63
30303M102
8,146,117.00
305,900
FEDEX CORPORATION
FDX
12,111,977.90
91.72
31428X106
20,990,122.00
228,850
FIRST ENERGY CORP.
FE
13,081,967.76
41.76
337932107
12,676,248.00
303,550
FORD MOTOR COMPANY
F
23,132,965.87
12.95
345370860
35,268,677.00
2,723,450
FRANKLIN RESOURCES INC
BEN
4,718,380.60
125.70
354613101
12,695,700.00
101,000
FREEPORT MCMORAN CLASS B
FCX
26,879,668.21
34.20
35671D857
23,563,800.00
689,000
GENERAL DYNAMICS CORP.
GD
9,638,560.62
69.27
369550108
15,970,199.00
230,550
GENERAL ELECTRIC CO
GE
176,495,165.52
20.99
369604103
161,454,030.00
7,691,950
GENERAL MILLS INC
GIS
10,973,546.27
40.41
370334104
18,990,679.00
469,950
GENERAL MOTORS CO
GM
16,626,628.25
28.83
37045V100
16,025,155.00
555,850
GILEAD SCIENCES INC.
GILD
5,919,581.49
73.45
375558103
40,382,810.00
549,800
GOLDMAN SACHS GROUP INC
GS
34,844,908.20
127.56
38141G104
45,545,298.00
357,050
GOOGLE INC - CL A
GOOG
63,993,773.44
709.37
38259P508
133,219,686.00
187,800
HALLIBURTON COMPANY
HAL
12,086,133.41
34.69
406216101
23,245,769.00
670,100
HESS CORP.
HES
27,373,280.67
52.96
42809H107
11,698,864.00
220,900
HEWLETT-PACKARD CO
HPQ
31,763,631.39
14.25
428236103
20,454,450.00
1,435,400
HOME DEPOT INC.
HD
30,380,795.96
61.85
437076102
68,727,720.00
1,111,200
Instrument:
COMMON STOCK
COM
HONEYWELL INTERNATIONAL INC
HON
22,304,731.64
63.47
438516106
35,898,632.00
565,600
ILLINOIS TOOL WORKS
ITW
10,264,589.81
60.81
452308109
18,799,412.00
309,150
INTEL CORP.
INTC
77,968,882.50
20.63
458140100
75,349,012.00
3,652,400
INTL BUS MACH CORP
IBM
59,521,361.00
191.55
459200101
151,563,938.00
791,250
INTUITIVE SURGICAL INC
ISRG
15,838,704.00
490.37
46120E602
14,122,656.00
28,800
JOHNSON & JOHNSON
JNJ
69,875,847.38
70.10
478160104
139,765,380.00
1,993,800
JOHNSON CONTROLS
JCI
13,537,315.08
30.70
478366107
15,156,590.00
493,700
JPMORGAN CHASE & CO.
JPM
107,273,265.94
43.97
46625H100
121,511,095.00
2,763,500
KELLOGG CO.
K
6,206,599.78
55.85
487836108
9,796,090.00
175,400
KIMBERLY-CLARK CORP
KMB
15,026,205.92
84.43
494368103
24,032,999.00
284,650
KINDER MORGAN INC.
KMI
11,062,687.28
35.33
49456B101
12,529,784.00
354,650
KRAFT FOODS GROUP INC
KRFT
8,565,060.52
45.47
50076Q106
19,509,631.00
429,066
LAS VEGAS SANDS CORP
LVS
8,478,883.31
46.16
517834107
13,314,852.00
288,450
LOCKHEED MARTIN
LMT
8,397,481.69
92.29
539830109
17,461,268.00
189,200
LOEWS CORP
L
5,932,514.19
40.75
540424108
9,229,875.00
226,500
LOWE'S COS
LOW
10,417,028.62
35.52
548661107
29,000,304.00
816,450
LYONDELLBASELL IND-CL A
LYB
8,926,535.30
57.09
N53745100
13,313,388.00
233,200
MARATHON OIL CORP
MRO
8,954,243.12
30.66
565849106
15,700,986.00
512,100
MARSH & MCLENNAN COS.
MMC
12,376,603.08
34.47
571748102
13,669,079.00
396,550
MASTERCARD INC-CLASS A
MA
20,382,758.90
491.28
57636Q104
38,614,608.00
78,600
MCDONALDS CORPORATION
MCD
22,006,276.40
88.21
580135101
65,072,517.00
737,700
MCKESSON CORP
MCK
8,171,327.85
96.96
58155Q103
16,560,768.00
170,800
MEDTRONIC INC
MDT
22,563,651.57
41.02
585055106
30,886,009.00
752,950
MERCK & CO INC
MRK
81,471,296.31
40.94
58933Y105
90,397,567.00
2,208,050
METLIFE INC
MET
22,913,381.92
32.94
59156R108
20,340,450.00
617,500
MICROSOFT CORP.
MSFT
138,447,407.48
26.73
594918104
146,070,094.00
5,464,650
MONDELEZ INTERNATIONAL INC
MDLZ
16,199,745.66
25.47
609207105
32,783,710.00
1,287,150
MONSANTO COMPANY
MON
12,905,143.68
94.65
61166W101
36,648,480.00
387,200
MORGAN STANLEY
MS
39,227,463.82
19.12
617446448
21,385,720.00
1,118,500
MOSAIC COMPANY
MOS
23,186,692.94
56.63
61945C103
12,189,607.00
215,250
MOTOROLA SOLUTIONS INC
MSI
14,854,921.80
55.68
620076307
11,806,944.00
212,050
NATIONAL OILWELL VARCO INC
NOV
27,221,765.61
68.35
637071101
21,144,072.00
309,350
NEWMONT MNG. CORP. HLDG CO
NEM
13,400,962.49
46.44
651639106
16,539,606.00
356,150
Instrument:
COMMON STOCK
COM
NEWS CORP INC-CL A
NWSA
25,703,952.66
25.54
65248E104
38,838,678.00
1,520,700
NEXTERA ENERGY INC
NEE
12,510,035.44
69.19
65339F101
20,950,732.00
302,800
NIKE INC. -CL B
NKE
9,086,872.51
51.60
654106103
27,090,000.00
525,000
NORFOLK SOUTHERN CORP.
NSC
12,583,869.00
61.84
655844108
14,622,068.00
236,450
NORTHROP GRUMMAN CORP.
NOC
7,389,796.68
67.58
666807102
12,336,729.00
182,550
OCCIDENTAL PETROLEUM CORP.
OXY
8,880,989.53
76.61
674599105
45,104,137.00
588,750
ORACLE SYS. CORP.
ORCL
28,228,902.10
33.32
68389X105
92,426,348.00
2,773,900
PACIFIC GAS & ELEC. CO.
PCG
11,866,208.43
40.18
69331C108
12,317,179.00
306,550
PEPSICO INC.
PEP
37,996,382.95
68.43
713448108
77,692,001.00
1,135,350
PFIZER INC.
PFE
111,856,723.33
25.08
717081103
136,342,404.00
5,436,300
PHILIP MORRIS INTERNATIONAL
PM
22,917,443.64
83.64
718172109
103,563,048.00
1,238,200
PHILLIPS 66
PSX
5,435,931.02
53.10
718546104
24,102,090.00
453,900
PNC FINANCIAL SERVICES GROUP
PNC
20,536,306.57
58.31
693475105
22,379,378.00
383,800
PRAXAIR INC.
PX
10,079,032.00
109.45
74005P104
23,728,760.00
216,800
PRECISION CASTPARTS CORP
PCP
11,575,827.54
189.42
740189105
19,993,281.00
105,550
PRICELINE.COM INC
PCLN
17,491,890.29
621.20
741503403
22,394,260.00
36,050
PROCTER & GAMBLE CO
PG
67,054,815.51
67.89
742718109
135,046,788.00
1,989,200
PRUDENTIAL FINANCIAL INC
PRU
13,860,484.90
53.33
744320102
18,086,870.00
339,150
PUBLIC SVC ENTERPRISES
PEG
12,136,979.18
30.60
744573106
11,237,850.00
367,250
QUALCOMM INC
QCOM
30,090,429.37
62.02
747525103
77,183,890.00
1,244,500
RAYTHEON COMPANY
RTN
8,594,212.81
57.56
755111507
13,929,520.00
242,000
REYNOLDS AMERICAN INC
RAI
6,774,569.51
41.43
761713106
9,897,627.00
238,900
SALESFORCE.COM INC
CRM
14,335,867.03
168.10
79466L302
16,919,265.00
100,650
SCHLUMBERGER
SLB
82,189,856.02
69.29
806857108
67,083,114.00
968,150
SCHWAB (CHARLES) CORP
SCHW
10,524,079.54
14.36
808513105
11,200,800.00
780,000
SOUTHERN CO
SO
18,489,425.23
42.81
842587107
26,995,986.00
630,600
SOUTHERN COPPER CORP
SCCO
3,679,682.02
37.86
84265V105
4,458,015.00
117,750
SPECTRA ENERGY CORPORATION
SE
13,240,174.55
27.38
847560109
12,974,013.00
473,850
STARBUCKS CORP.
SBUX
8,420,850.81
53.62
855244109
29,520,491.00
550,550
STATE STREET CORP
STT
17,569,638.72
47.01
857477103
16,674,447.00
354,700
STRYKER CORP.
SYK
6,843,623.05
54.82
863667101
12,326,277.00
224,850
SYSCO CORP.
SYY
10,536,135.24
31.66
871829107
13,463,415.00
425,250
TARGET CORP
TGT
14,098,709.80
59.17
87612E106
28,401,600.00
480,000
Instrument:
COMMON STOCK
COM
TEXAS INSTRS INC
TXN
23,134,212.15
30.94
882508104
25,701,858.00
830,700
THE BANK OF NEW YORK MELLON
BK
28,743,701.89
25.70
064058100
22,253,630.00
865,900
THERMO FISHER SCIENTIFIC
TMO
13,481,736.46
63.78
883556102
17,003,748.00
266,600
THOMSON REUTERS CORP
TRI
10,093,947.28
29.06
884903105
7,830,217.00
269,450
TIME WARNER CABLE INC
TWC
22,058,722.89
97.19
88732J207
22,052,411.00
226,900
TIME WARNER INC.
TWX
43,092,973.42
47.83
887317303
33,330,336.00
696,850
TJX COS. INC.
TJX
11,596,693.68
42.45
872540109
22,833,855.00
537,900
TRAVELERS COS INC
TRV
10,387,433.76
71.82
89417E109
20,278,377.00
282,350
TYCO INTERNATIONAL LTD
TYC
6,878,827.47
29.25
H89128104
9,828,000.00
336,000
UNION PACIFIC CORP.
UNP
9,484,004.03
125.72
907818108
43,467,690.00
345,750
UNITED PARCEL SERVICES INC
UPS
35,546,444.62
73.73
911312106
38,774,607.00
525,900
UNITED TECHNOLOGIES
UTX
25,381,708.97
82.01
913017109
54,257,816.00
661,600
UNITEDHEALTH GROUP INC
UNH
15,270,188.07
54.24
91324P102
40,848,144.00
753,100
US BANCORP
USB
32,525,172.88
31.94
902973304
43,917,500.00
1,375,000
VERIZON COMMUNICATIONS
VZ
75,006,512.44
43.27
92343V104
89,248,702.00
2,062,600
VIACOM INC. CL B
VIAB
17,509,644.20
52.74
92553P201
20,204,694.00
383,100
VISA INC-CLASS A
V
31,126,634.14
151.58
92826C839
57,501,873.00
379,350
VMWARE INC-CLASS A
VMW
4,817,068.95
94.14
928563402
6,034,374.00
64,100
WAL MART STORES INC
WMT
40,138,272.95
68.23
931142103
83,718,210.00
1,227,000
WALGREEN CO.
WAG
14,028,315.74
37.01
931422109
23,177,512.00
626,250
WASTE MANAGEMENT INC.
WM
10,869,206.86
33.74
94106L109
11,336,640.00
336,000
WELLPOINT INC.
WLP
11,659,247.80
60.92
94973V107
13,426,768.00
220,400
WELLS FARGO COMPANY
WFC
122,027,421.75
34.18
949746101
121,573,133.00
3,556,850
WILLIAMS COS. INC.
WMB
15,692,992.96
32.74
969457100
16,019,682.00
489,300
YAHOO INC
YHOO
26,247,897.07
19.90
984332106
17,606,525.00
884,750
YUM BRANDS INC
YUM
11,101,835.56
66.40
988498101
22,197,520.00
334,300
COMMON STOCK  TOTAL
4,900,262,128.04
7,351,625,942.00
154,891,274
Instrument:
REAL ESTATE INVESTMENT TRUST
REIT
EQUITY RESIDENTIAL PROP
EQR
13,907,303.11
56.67
29476L107
13,348,619.00
235,550
PUBLIC STORAGE INC
PSA
9,773,415.40
144.96
74460D109
15,017,856.00
103,600
SIMON PROP GROUP INC.
SPG
16,487,565.67
158.09
828806109
34,787,704.00
220,050
REAL ESTATE INVESTMENT TRUST  TOTAL
40,168,284.18
63,154,179.00
559,200