Instrument:
Residential
AMERICAN CAMPUS COMMUNITIES
10,782,727.01
46.13
024835100
14,288,445.00
309,743
APARTMENT INVT & MGMT
4,578,512.43
27.06
03748R101
5,885,333.00
217,492
ASSOCIATED ESTATES REALTY
152,021.18
16.12
045604105
171,259.00
10,624
AVALONBAY COMMUNITIES
27,815,451.65
135.59
053484101
35,654,068.00
262,955
BRE PROPERTIES INC
7,698,884.94
50.83
05564E106
8,899,571.00
175,085
CAMDEN PROPERTY TRUST
9,836,425.58
68.21
133131102
13,822,825.00
202,651
COLONIAL PROPERTIES
2,400,601.60
21.37
195872106
2,711,126.00
126,866
EDUCATION REALTY TRUST INC
2,552,775.90
10.64
28140H104
2,572,901.00
241,814
EQUITY LIFESTYLE PROPERTIES
7,034,180.93
67.29
29472R108
8,606,391.00
127,900
EQUITY RESIDENTIAL PROP
27,593,701.07
56.67
29476L107
41,184,186.00
726,737
ESSEX PROPERTY TRUST INC.
8,711,787.62
146.65
297178105
10,264,033.00
69,990
HOME PROPERTIES OF NY INC.
6,643,864.30
61.31
437306103
7,019,504.00
114,492
MID-AMERICAN APARTMENT
3,383,430.69
64.75
59522J103
4,020,975.00
62,100
POST PROPERTIES,INC.
5,927,687.23
49.95
737464107
7,389,703.00
147,942
SUN COMMUNITIES INC
1,526,622.96
39.89
866674104
1,448,326.00
36,308
UDR INC
13,736,110.78
23.78
902653104
15,001,732.00
630,855
Residential  TOTAL
140,374,785.87
178,940,378.00
3,463,554
Instrument:
Office / Industrial
ALEXANDRIA REAL ESTATE
10,245,799.87
69.32
015271109
9,625,983.00
138,863
BIOMED REALTY TRUST
6,668,180.38
19.33
09063H107
6,850,223.00
354,383
BOSTON PROPERTIES INC
28,531,361.85
105.81
101121101
38,538,647.00
364,225
BRANDYWINE REALTY
3,447,190.80
12.19
105368203
3,625,915.00
297,450
CORPORATE OFFICE PROPERTY
4,921,091.69
24.98
22002T108
4,874,547.00
195,138
DCT INDUSTRIAL TRUST INC
2,850,548.48
6.49
233153105
3,331,096.00
513,266
DOUGLAS EMMETT INC
3,841,765.70
23.30
25960P109
4,930,280.00
211,600
DUKE RE CORPORATION
8,536,807.74
13.87
264411505
9,123,339.00
657,775
EASTGROUP PROPERTY INC
2,907,604.01
53.81
277276101
3,357,905.00
62,403
FIRST INDUSTRIAL RE
1,675,445.91
14.08
32054K103
1,943,885.00
138,060
FIRST POTOMAC REALTY TRUST
541,023.01
12.36
33610F109
547,672.00
44,310
FRANKLIN STREET PPTYS CO
208,193.19
12.31
35471R106
234,148.00
19,021
HIGHWOODS PROP INC.
5,368,232.51
33.45
431284108
5,744,335.00
171,729
HUDSON PACIFIC PROPERTIES
1,114,945.29
21.06
444097109
1,583,586.00
75,194
KILROY RE CORP
8,478,121.01
47.37
49427F108
9,649,885.00
203,713
Instrument:
Office / Industrial
LIBERTY PROPERTY TRUST
8,524,015.18
35.77
531172104
9,513,675.00
265,968
MACK-CALI RE CORP.
1,546,617.82
26.11
554489104
1,330,879.00
50,972
MONMOUTH REIT  -CL A
508,813.00
10.36
609720107
518,000.00
50,000
PARKWAY PROPERTYS INC
284,953.80
13.99
70159Q104
292,391.00
20,900
PIEDMONT OFFICE REALTY TRUST
5,980,969.21
18.05
720190206
5,834,572.00
323,245
PROLOGIS INC.
41,031,752.57
36.49
74340W103
36,903,322.00
1,011,327
PS BUSINESS PARKS INC/CA
3,715,037.74
64.98
69360J107
4,047,864.00
62,294
SL GREEN RE CORP
13,952,152.70
76.65
78440X101
16,847,747.00
219,801
STAG INDUSTRIAL INC
1,819,732.13
17.97
85254J102
1,906,617.00
106,100
Office / Industrial  TOTAL
166,700,355.59
181,156,513.00
5,557,737
Instrument:
Retail
ACADIA RLTY TR
942,291.71
25.08
004239109
1,058,802.00
42,217
AGREE REALTY CORP
333,583.60
26.79
008492100
345,752.00
12,906
ALEXANDERS INC
1,533,969.82
330.80
014752109
1,506,794.00
4,555
AMERICAN REALTY CAPITAL
4,012,966.45
11.55
02917L101
4,112,193.00
356,034
CBL & ASSOC PROP
6,361,932.37
21.21
124830100
7,637,954.00
360,111
CEDAR REALTY TRUST INC
703,125.26
5.28
150602209
766,857.00
145,238
DDR CORP.
8,240,241.91
15.66
23317H102
8,927,562.00
570,087
EQUITY ONE INC
2,535,220.25
21.01
294752100
2,882,341.00
137,189
EXCEL TRUST INC
1,052,536.16
12.67
30068C109
1,127,630.00
89,000
FEDERAL REALTY INV.
12,450,911.42
104.02
313747206
16,084,613.00
154,630
GENERAL GROWTH PROP
16,335,718.64
19.85
370023103
20,613,749.00
1,038,476
GLIMCHER REALTY TRUST
3,978,567.09
11.09
379302102
4,637,572.00
418,176
INLAND REAL ESTATE CORP
1,728,583.81
8.38
457461200
1,770,015.00
211,219
KIMCO REALTY CORP
16,667,348.79
19.32
49446R109
17,214,815.00
891,036
KITE REALTY GROUP TRUST
1,018,467.48
5.59
49803T102
1,246,000.00
222,898
MACERICH CO
12,549,249.17
58.30
554382101
17,078,519.00
292,942
NATIONAL RETAIL PROPERTIES
10,533,212.60
31.20
637417106
11,033,162.00
353,627
PENNSYLVANIA RI
1,099,882.15
17.64
709102107
1,342,915.00
76,129
RAMCO-GERSHENSON PPT
1,268,342.63
13.31
751452202
1,413,762.00
106,218
REALTY INCOME CORP
8,480,819.50
40.21
756109104
8,363,841.00
208,004
REGENCY CENTERS CORP
10,088,376.01
47.12
758849103
10,673,669.00
226,521
RETAIL OPPORTUNITY
1,036,536.10
12.86
76131N101
1,085,217.00
84,387
Instrument:
Retail
RETAIL PROPERTIES OF AMERICA
1,587,978.33
11.97
76131V202
1,815,466.00
151,668
RIOCAN REAL ESTATE INVST TR
426,220.19
27.56
2229610
415,310.00
15,000
SAUL CENTERS INC
1,037,959.73
42.79
804395101
1,046,130.00
24,448
SIMON PROP GROUP INC.
60,607,581.33
158.09
828806109
112,551,701.00
711,947
SPIRIT REALTY CAPITAL INC.
373,348.00
17.78
84860F109
391,160.00
22,000
TANGER FACTORY OUTLET
5,133,434.65
34.20
875465106
7,001,082.00
204,710
TAUBMAN CENTERS INC
10,456,635.14
78.72
876664103
14,380,255.00
182,676
URSTADT BIDDLE PPTYS
165,571.41
19.68
917286205
170,980.00
8,688
WEINGARTEN RE INVST
6,655,018.15
26.77
948741103
7,691,048.00
287,301
Retail  TOTAL
209,395,629.85
286,386,866.00
7,610,038
Instrument:
Diversified
AMERICAN ASSETS TRUST INC
1,974,569.06
27.93
024013104
2,377,010.00
85,106
CAPLEASE INC.
275,970.00
5.57
140288101
306,907.00
55,100
CORESITE REALTY CORP
676,906.81
27.66
21870Q105
868,828.00
31,411
COUSINS PROPERTIES INC
611,470.69
8.35
222795106
703,237.00
84,220
DIGITAL REALTY TRUST INC
13,684,887.84
67.89
253868103
18,436,073.00
271,558
DUPONT FABROS TECHNOLOGY
3,016,996.65
24.16
26613Q106
3,358,023.00
138,991
EPR PROPERTIES
4,688,563.74
46.11
26884U109
5,115,766.00
110,947
INVESTORS REAL ESTATE TRUST
825,748.97
8.73
461730103
958,091.00
109,747
LEXINGTON CORP PPTYS
4,400,870.53
10.45
529043101
4,997,284.00
478,209
VORNADO REALTY TRUST
30,792,708.59
80.08
929042109
32,378,666.00
404,329
WASHINGTON RE INV
4,325,083.47
26.15
939653101
3,903,646.00
149,279
WINTHROP REALTY TRUST
529,176.96
11.05
976391300
534,908.00
48,408
Diversified  TOTAL
65,802,953.31
73,938,439.00
1,967,305
Instrument:
Health Care
HCP INC
38,895,207.21
45.18
40414L109
49,548,906.00
1,096,700
HEALTH CARE REIT INC
33,229,492.50
61.29
42217K106
40,531,077.00
661,300
HEALTHCARE RLTY TR
1,718,473.35
24.01
421946104
2,148,895.00
89,500
HEALTHCARE TRUST OF AMERICA
1,304,795.44
9.90
42225P105
1,292,653.00
130,571
LTC PROPERTIES INC
2,173,531.41
35.19
502175102
2,143,634.00
60,916
MEDICAL PROPERTIES TRUST INC
3,609,748.15
11.96
58463J304
4,031,716.00
337,100
NATIONAL HEALTH INVESTORS INC
2,366,880.30
56.53
63633D104
2,835,375.00
50,157
Instrument:
Health Care
OMEGA HEALTHCARE INV
1,477,346.00
23.85
681936100
1,550,250.00
65,000
SABRA HEALTHCARE REIT INC
1,335,646.74
21.72
78573L106
1,741,944.00
80,200
SENIOR HOUSING PROP TRUST
5,640,608.45
23.64
81721M109
6,685,392.00
282,800
VENTAS INC.
28,206,709.60
64.72
92276F100
42,264,555.00
653,037
Health Care  TOTAL
119,958,439.15
154,774,397.00
3,507,281
Instrument:
Storage
CUBESMART
2,284,206.84
14.57
229663109
3,365,670.00
231,000
EXTRA SPACE STORAGE INC
7,346,954.08
36.39
30225T102
12,125,148.00
333,200
PUBLIC STORAGE INC
28,257,301.61
144.96
74460D109
46,396,187.00
320,062
SOVRAN SELF STORAGE
1,812,331.68
62.10
84610H108
2,563,985.00
41,288
Storage  TOTAL
39,700,794.21
64,450,990.00
925,550
Instrument:
Hotels
CHATHAM LODGING TRUST
353,306.76
15.38
16208T102
394,774.00
25,668
CHESAPEAKE LODGING TRUST
1,369,498.84
20.88
165240102
1,695,853.00
81,219
DIAMONDROCK HOSPITALITY
6,853,851.35
9.00
252784301
6,480,144.00
720,016
FELCOR LODGING TRUST
410,832.99
4.67
31430F101
419,833.00
89,900
HERSHA HOSPITALITY TRUST
1,913,177.38
5.00
427825104
2,109,580.00
421,916
HOSPITALITY PROPERTIES
5,784,105.25
23.42
44106M102
5,667,054.00
241,975
HOST HOTELS & RESORTS INC
27,390,282.52
15.67
44107P104
26,118,552.00
1,666,787
LASALLE HOTEL PROPERTIES
5,324,976.15
25.39
517942108
6,105,838.00
240,482
PEBBLEBROOK HOTEL TRUST
2,334,986.66
23.10
70509V100
2,420,926.00
104,802
RLJ LODGING TRUST
2,897,300.89
19.37
74965L101
3,229,986.00
166,752
STRATEGIC HOTELS & RESORTS
3,014,225.47
6.40
86272T106
3,412,454.00
533,196
SUMMIT HOTEL PROPERTIES INC
872,234.21
9.50
866082100
1,006,981.00
105,998
SUNSTONE HOTEL INVESTORS INC
2,364,163.07
10.71
867892101
2,830,032.00
264,242
Hotels  TOTAL
60,882,941.54
61,892,007.00
4,662,953
REITS TOTAL
802,815,899.52
1,001,539,590.00
27,694,418