Instrument - COM       COMMON STOCK

3COM CORP.                                 0.000 COMS    885535104      6.3800       646,000.00      6,306,978.07      4,121,480.00
ACXIOM CORP.                               0.000 ACXM    005125109     17.4700       160,000.00      3,202,651.39      2,795,200.00
ADTRAN INC.                                0.000 ADTN    00738A106     25.5200        80,000.00      2,116,729.89      2,041,600.00
ADVANCED FIBRE COMMUNICATION               0.000 AFCI    00754A105     17.6700       157,000.00      4,068,740.50      2,774,190.00
AGCO CORP.                                 0.000 AG      001084102     15.7800       167,000.00      3,386,181.08      2,635,260.00
AGL RESOURCES INC                          4.691 ATG     001204106     23.0200        83,000.00      1,744,278.70      1,910,660.00
AIRBORNE INC.                              1.078 ABF     009269101Q    14.8300        66,000.00        741,163.78        978,780.00
AIRGAS INC                                 0.000 ARG     009363102     15.1200       102,000.00        767,390.51      1,542,240.00
AK STEEL HOLDING CORP                      2.196 AKS     001547108     11.3800       231,000.00      2,187,706.15      2,628,780.00
ALASKA AIRGROUP INC                        0.000 ALK     011659109     29.1000        49,000.00      1,561,762.71      1,425,900.00
ALBANY INTL CL-A                           0.230 AIN     012348108Q    21.7000        32,000.00        460,164.09        694,400.00
ALBEMARLE CORP                             2.166 ALB     012653101     24.0000        92,000.00      2,126,927.62      2,208,000.00
ALEXANDER & BALDWIN INC                    3.370 ALEX    014482103     26.7000       110,000.00      2,854,387.46      2,937,000.00
ALLETE, INC.                               4.246 ALE     018522102     25.2000       155,000.00      3,670,371.56      3,906,000.00
ALLIANT ENERGY CORPORATION                 6.587 LNT     018802108     30.3600       162,000.00      4,620,731.55      4,918,320.00
ALLMERICA FINANCIAL CORP.                  0.561 AFC     019754100     44.5500       105,000.00      3,424,986.48      4,677,750.00
AMERICAN FINANCIAL GROUP INC.              4.073 AFG     025932104Q    24.5500       123,000.00      3,027,579.96      3,019,650.00
AMERICAN WATER WORKS                       2.251 AWK     030411102Q    41.7500       185,000.00      2,217,477.27      7,723,750.00
AMERICREDIT CORP.                          0.000 ACF     03060R101     31.5500       170,000.00      3,261,779.22      5,363,500.01
ARCH COAL INC.                             1.013 ACI     039380100Q    22.7000       108,000.00      2,141,361.00      2,451,600.00
ARROW ELECTRONICS                          0.000 ARW     042735100     29.9000       190,000.00      3,394,928.16      5,681,000.00
ARVINMERITOR INC.                          2.036 ARM     043353101     19.6400       119,000.00      3,505,255.16      2,337,160.00
ASCENTIAL SOFTWARE CORP                    0.000 ASCL    04362P108      4.0500       481,500.00      2,700,340.14      1,950,075.00
ASSOCIATED BANC-CORP.                      3.513 ASBC    045487105     35.2900       122,000.00      3,817,235.88      4,305,380.00
ASTORIA FINANCIAL CORP.                    5.139 ASFC    046265104     26.4600       180,000.00      3,981,539.04      4,762,800.00
ATLAS AIR WORLDWIDE HOLDINGS,              0.000 CGO     049164106     14.6500        61,000.00      2,415,421.67        893,650.00
ATMEL CORP                                 0.000 ATML    049513104      7.3700       900,000.00      9,063,444.77      6,633,000.00
AVNET INC.                                 1.177 AVT     053807103Q    25.4700       238,000.00      5,276,218.35      6,061,860.00
AVOCENT CORPORATION                        0.000 AVCT    053893103     24.2500        88,000.00      2,318,551.47      2,134,000.00
BANDAG INC                                 3.624 BDG     059815100Q    34.7600        45,000.00      1,629,039.92      1,564,200.00
BANKNORTH GROUP INC.                       2.397 BKNG    06646R107     22.5200       301,000.00      5,326,197.03      6,778,520.00
BANTA CORP                                 2.168 BN      066821109     29.5200        37,000.00        975,614.37      1,092,240.00
BARNES & NOBLE INC.                        0.000 BKS     067774109     29.6000       126,000.00      4,032,150.16      3,729,600.00
BELO CORP                                  1.600 BLC     080555105Q    18.7500       203,000.00      3,207,760.09      3,806,250.00
BLACK HILLS CORP                           3.309 BKH     092113109     33.8400        50,000.00      1,689,792.64      1,692,000.00
BLYTH INC.                                 0.860 BTH     09643P108     23.2500        87,000.00      2,196,299.22      2,022,750.00
BOB EVANS FARMS                            1.628 BOBE    096761101Q    24.5700        50,000.00        912,785.98      1,228,500.00
BORDERS GROUP INC                          0.000 BGP     099709107     19.8400       156,000.00      3,240,109.76      3,095,040.00
BORG WARNER INC.                           1.148 BWA     099724106     52.2500        53,000.00      2,295,908.39      2,769,250.00

Instrument - COM       COMMON STOCK

BOWATER INC.                               1.677 BOW     102183100Q    47.7000       111,000.00      5,348,183.50      5,294,700.00
BROADWING INC.                             0.000 BRW     111620100      9.5000       430,000.00      9,879,287.24      4,085,000.00
CABOT CORP                                 1.456 CBT     127055101     35.7000       127,000.00      2,665,370.75      4,533,900.00
CALLAWAY GOLF COMPANY                      1.462 ELY     131193104     19.1500       148,000.00      2,231,737.58      2,834,199.99
CALPINE CORPORATION                        0.000 CPN     131347106     16.7900        10,000.00        320,600.00        167,900.00
CARLISLE COS INC                           2.271 CSL     142339100     36.9800        57,000.00      2,757,045.28      2,107,860.00
CARPENTER TECHNOLOGY                       4.958 CRS     144285103     26.6200        52,000.00      1,512,981.93      1,384,240.00
CBRL GROUP INC.                            0.067 CBRL    12489V106Q    29.4400        90,000.00      1,198,729.54      2,649,600.00
CEDAR FAIR LP                              6.615 FUN     150185106     24.7900        25,000.00        451,422.05        619,750.00
CERIDIAN CORP - NEW                        0.000 CEN     156779100     18.7500       293,000.00      6,537,501.74      5,493,750.00
CHECKFREE CORP                             0.000 CKFR    162813109     18.0000       162,000.00      7,234,927.32      2,916,000.00
CITY NATIONAL CORP                         1.579 CYN     178566105     46.8500        90,000.00      3,277,806.94      4,216,500.00
CLAIRE’S STORES INC                        1.059 CLE     179584107     15.1000        95,000.00      2,265,867.26      1,434,500.00
CLAYTON HOMES INC.                         0.350 CMH     184190106Q    17.1000       290,000.00      3,088,420.29      4,959,000.00
CLECO CORP. HOLDING CO.                    4.005 CNL     12561W105     21.9700        90,000.00      2,239,124.02      1,977,300.00
CNF TRANSPORTATION                         1.192 CNF     12612W104Q    33.5500        89,500.00      2,768,306.30      3,002,725.00
COLONIAL BANCGROUP INC.                    3.406 CNB     195493309     14.0900       216,000.00      3,088,055.00      3,043,440.00
COMMSCOPE INC.                             0.000 CTV     203372107     21.2700        94,000.00      1,319,386.32      1,999,380.00
COMPASS BANCSHARES INC                     3.250 CBSS    20449H109     28.3000       245,000.00      5,026,146.80      6,933,500.00
CONECTIV INC.                              3.593 CIV     206829103     24.4900       163,000.00      3,826,624.28      3,991,870.00
COOPER CAMERON CORP.                       0.000 CAM     216640102     40.3600       103,000.00      6,002,726.40      4,157,080.00
COVANTA ENERGY CORPORATION                 0.000 COV     22281N103Q     4.5200       135,300.00      1,648,600.39        611,556.01
CREDENCE SYSTEMS CORP                      0.000 CMOS    225302108     18.5700       121,000.00      4,759,163.05      2,246,970.00
CROMPTON CORPORATION                       2.222 CK      227116100Q     9.0000       220,000.00      4,185,459.88      1,980,000.00
CTS CORP.                                  0.754 CTS     126501105     15.9000        19,000.00        611,731.60        302,100.00
CYTEC INDUSTRIES                           0.000 CYT     232820100Q    27.0000        73,000.00      2,560,084.81      1,971,000.00
DANA CORP                                  0.288 DCN     235811106Q    13.8800        10,000.00        147,550.00        138,800.00
DEAN FOODS CO                              0.000 DF      242370104     68.2000        79,314.00      3,244,787.91      5,409,214.80
DIME BANCORP INC.                          1.330 DME     25429Q102     36.0800       249,000.00      6,699,642.11      8,983,920.00
DOLE FOOD COMPANY INC                      1.490 DOL     256605106Q    26.8300        99,000.00      1,560,837.13      2,656,170.00
DSP GROUP INC.                             0.000 DSPG    23332B106     23.2600        51,000.00      1,641,626.33      1,186,260.00
DUQUESNE LIGHT COMPANY                     8.874 DQE     23329J104Q    18.9300        81,000.00      2,968,663.74      1,533,330.00
DYCOM INDUSTRIES INC.                      0.000 DY      267475101     16.7100        55,000.00      1,080,411.81        919,050.00
E*TRADE GROUP INC.                         0.000 ET      269246104     10.2500       725,000.00     13,298,323.51      7,431,250.00
EDWARDS (A.G.) INC                         1.448 AGE     281760108     44.1700       155,000.00      4,965,754.62      6,846,350.00
EGL, INC.                                  0.000 EAGL    268484102     13.9500        67,000.00      1,557,620.15        934,650.00
EMMIS COMMUNICATIONS CL A                  0.000 EMMS    291525103     23.6400       105,000.00      2,639,913.21      2,482,200.00
ENCORE ACQUISITION CO                      0.000 EAC     29255W100     13.3100        35,000.00        482,625.00        465,850.00
ENERGIZER HOLDINGS INC.                    0.000 ENR     29266R108     19.0500       181,000.00      3,414,157.75      3,448,050.00

Instrument - COM       COMMON STOCK

ENERGY EAST CORP.                          4.844 EAS     29266M109     18.9900       209,000.00      4,969,414.64      3,968,910.00
ENSCO INTL INC                             0.402 ESV     26874Q100     24.8500       286,000.00      8,071,582.53      7,107,100.00
ENTERASYS NETWORKS INC.                    0.000 ETS     293637104      8.8500       399,000.00      5,044,927.25      3,531,150.01
EVEREST RE GROUP LTD.                      0.396 RE      G3223R108     70.7000        87,000.00      3,055,398.72      6,150,900.00
EXTENDED STAY AMERICA INC                  0.000 ESA     30224P101     16.4000       174,000.00      2,935,302.90      2,853,600.00
FEDERAL SIGNAL CORP                        3.502 FSS     313855108     22.2700        19,000.00        347,148.96        423,129.99
FIDELITY NATIONAL FINL INC                 1.612 FNF     316326107     24.8000       160,000.00      3,594,874.16      3,968,000.00
FIRST VIRGINIA BANKS INC                   3.073 FVB     337477103     50.7600        83,700.00      3,728,997.17      4,248,612.00
FIRSTMERIT CORPORATION                     3.543 FMER    337915102     27.0900       164,000.00      2,879,215.43      4,442,760.00
FMC CORP.                                  0.000 FMC     302491303     30.7100        46,570.00      1,547,418.15      1,430,164.69
FOREST OIL CORP.                           0.000 FST     346091705     28.2100        95,000.00      2,512,231.50      2,679,950.00
FULLER H B CO                              1.494 FULL    359694106Q    28.7700        46,000.00        902,730.36      1,323,420.00
FURNITURE BRANDS INTERNATIONAL             0.000 FBN     360921100     32.0200       114,000.00      1,919,338.05      3,650,280.00
GATX CORP                                  3.813 GMT     361448103     32.5200       104,000.00      4,211,179.43      3,382,080.00
GENAISSANCE PHARMACEUTICALS                0.000 GNSC    36867W105      4.6500        25,000.00        113,416.67        116,250.00
GLATFELTER                                 4.492 GLT     377316104     15.5800        59,000.00        793,459.40        919,220.00
GOLDEN STATE BANCORP                       1.529 GSB     381197102     26.1500       251,000.00      7,432,430.77      6,563,650.00
GRANITE CONSTRUCTION INC                   1.328 GVA     387328107     24.0800        60,000.00      1,370,223.69      1,444,800.00
GRANT PRIDECO INC.                         0.000 GRP     38821G101     11.5000       249,000.00      2,672,342.87      2,863,500.01
GREAT PLAINS ENERGY INC                    6.587 GXP     391164100     25.2000       118,000.00      3,102,790.11      2,973,600.00
GREATER BAY BANCORP                        1.609 GBBK    391648102     28.5800        16,000.00        424,732.47        457,280.01
GREENPOINT FINANCIAL                       2.797 GPT     395384100     35.7500       196,000.00      6,395,939.29      7,007,000.00
GULFMARK OFFSHORE INC                      0.000 GMRK    402629109     28.3100        15,000.00        431,973.00        424,650.00
HANOVER COMPRESSOR COMPANY                 0.000 HC      410768105     25.2600       134,000.00      4,178,479.92      3,384,840.00
HARRIS CORP.                               0.655 HRS     413875105Q    30.5100       125,000.00      3,835,596.15      3,813,750.00
HARSCO CORP                                2.915 HSC     415864107Q    34.3000        74,000.00      1,650,005.78      2,538,200.00
HAWAIIAN ELECTRIC INDS                     6.156 HE      419870100     40.2800        52,000.00      1,879,912.06      2,094,560.00
HCC INSURANCE HOLDINGS INC.                0.907 HCC     404132102     27.5500       109,000.00      2,658,184.04      3,002,950.00
HEALTH NET                                 0.000 HNT     42222G108     21.7800       235,000.00      4,939,913.35      5,118,300.00
HELMERICH & PAYNE, INC                     0.898 HP      423452101Q    33.3800        96,000.00      2,968,947.22      3,204,480.00
HIBERNIA CORP CL-A                         3.147 HIB     428656102     17.7900       307,000.00      3,744,998.05      5,461,530.00
HISPANIC BROADCASTING A                    0.000 HSP     43357B104     25.5000       215,000.00      6,569,763.90      5,482,500.00
HORACE MANN EDUCATORS                      1.979 HMN     440327104Q    21.2200        83,000.00      1,119,043.73      1,761,260.00
HUBBELL INC                                4.492 HUB.B   443510201Q    29.3800        94,000.00      2,537,341.99      2,761,720.00
HUNT (JB) TRANSPRT SVCS INC                0.000 JBHT    445658107     23.2000        64,000.00      1,208,605.06      1,484,800.00
IDACORP, INC.                              4.581 IDA     451107106     40.6000        71,000.00      3,335,965.08      2,882,600.00
IMATION CORP                               0.000 IMN     45245A107     21.5800        73,000.00      1,606,511.99      1,575,340.00
IMC GLOBAL INC.                            0.615 IGL     449669100Q    13.0000       234,000.00      4,526,936.37      3,042,000.00
INCYTE GENOMICS, INC.                      0.000 INCY    45337C102     19.4400       135,000.00      2,526,403.09      2,624,400.01

Instrument - COM       COMMON STOCK

INDEPENDENCE COMMUNITY BANK                1.757 ICBC    453414104     22.7600       105,000.00      2,397,577.20      2,389,800.00
INDYMAC BANCORP INC                        0.000 NDE     456607100     23.3800       126,000.00      3,504,054.80      2,945,880.00
INFOCUS CORPORATION                        0.000 INFS    45665B106     22.0200        81,000.00      1,471,254.05      1,783,620.00
INFORMATION HOLDINGS INC.                  0.000 IHI     456727106     28.3100        19,000.00        504,294.87        537,890.00
INTERNATIONAL RECTIFIER CORP               0.000 IRF     460254105     34.8800       121,000.00      4,192,187.33      4,220,480.00
INTERNATIONAL SPEEDWAY CORPORA             0.153 ISCA    460335201     39.1000        90,000.00      4,051,745.04      3,519,000.00
JO-ANN STORES, INC.                        0.000 JAS.A   47758P109      7.1500       100,000.00      1,190,246.55        715,000.00
KAYDON CORP                                2.116 KDN     486587108Q    22.6800        70,000.00      1,708,853.98      1,587,600.00
KELLY SERVICES INC CL-A                    4.568 KELYA   488152208     21.8900        51,000.00      1,291,184.84      1,116,390.00
KEMET CORP.                                0.000 KEM     488360108     17.7500       182,000.00      2,530,802.96      3,230,500.00
KENNAMETAL INC                             1.688 KMT     489170100     40.2700        50,000.00      1,420,746.60      2,013,500.00
KNIGHT RIDDER                              1.540 KRI     499040103Q    64.9300         7,500.00        397,809.75        486,975.00
KORN/FERRY INTERNATIONAL                   0.000 KFY     500643200     10.6500        50,000.00        949,418.68        532,500.00
LABRANCHE & CO., INC.                      0.000 LAB     505447102     34.4600       120,000.00      4,689,022.51      4,135,200.00
LEAR CORP.                                 0.000 LEA     521865105     38.1400       125,000.00      4,658,912.54      4,767,500.00
LEE ENTERPRISES                            1.869 LEE     523768109     36.3700        72,000.00      2,455,356.67      2,618,640.00
LENNAR CORPORATION                         0.106 LEN     526057104     46.8200       107,000.00      3,951,553.48      5,009,740.00
LEUCADIA NATIONAL CORP                     0.866 LUK     527288104     28.8700        99,000.00      3,219,682.09      2,858,130.00
LONGS DRUG STORES INC                      2.395 LDG     543162101Q    23.3800        60,000.00      1,343,067.81      1,402,799.99
LONGVIEW FIBRE CO                          4.064 LFB     543213102     11.8100        72,000.00        967,022.78        850,320.00
LUBRIZOL CORP                              2.963 LZ      549271104     35.0900        87,000.00      2,291,674.67      3,052,830.00
LYONDELL CHEMICAL COMPANY                  6.280 LYO     552078107Q    14.3300       237,000.00      3,644,560.54      3,396,210.00
M&T BANK CORPORATION                       1.372 MTB     55261F104     72.8500       186,000.00     12,070,285.43     13,550,100.00
MACROMEDIA INC                             0.000 MACR    556100105     17.8000        22,000.00        524,879.65        391,600.00
MANDALAY RESORT GROUP                      0.000 MBG     562567107     21.4000       105,000.00      2,365,533.19      2,247,000.00
MANPOWER INC                               0.593 MAN     56418H100     33.7100        14,000.00        442,223.60        471,940.00
MARSHALL & ILSLEY CORP                     1.833 MI      571834100     63.2800       201,000.00     10,450,591.08     12,719,280.00
MARTIN MARIETTA MATERIALS                  1.201 MLM     573284106     46.6000        99,000.00      5,106,273.50      4,613,400.00
MASTEC INC                                 0.000 MTZ     576323109      6.9500       100,000.00      2,133,151.36        695,000.00
MDU RESOURCES GROUP                        3.268 MDU     552690109     28.1500       119,000.00      4,099,053.00      3,349,850.00
MEAD CORPORATION                           2.201 MEA     582834107Q    30.8900        13,000.00        405,278.40        401,570.00
MEDIA GENERAL INC - CL A                   1.364 MEG     584404107     49.8300        50,000.00      2,496,656.96      2,491,500.00
MERCANTILE BANC.                           2.602 MRBK    587405101Q    43.0400       129,000.00      1,319,984.18      5,552,160.00
METRIS COMPANIES INC.                      0.155 MXT     591598107     25.7100       131,000.00      3,430,635.83      3,368,010.00
MINERALS TECHNOLOGIES INC                  0.214 MTX     603158106     46.6400        41,000.00      1,409,270.83      1,912,240.00
MODINE MANUFACTURING CO                    4.286 MODI    607828100     23.3300        50,000.00      1,227,167.95      1,166,500.00
MONTANA POWER CO                           0.000 MTP     612085100      5.7500       197,000.00      7,328,114.77      1,132,750.00
MPS GROUP INC                              0.000 MPS     553409103      7.1400       175,000.00        926,501.03      1,249,500.00
MURPHY OIL CORP                            1.784 MUR     626717102Q    84.0400        82,800.00      3,140,892.99      6,958,512.00

Instrument - COM       COMMON STOCK

NATIONAL COMMERCE FINANCIAL                2.371 NCF     63545P104     25.3000       388,000.00      8,123,318.87      9,816,400.00
NATIONAL FUEL & GAS                        4.089 NFG     636180101Q    24.7000       134,000.00      3,346,199.57      3,309,800.00
NATIONAL-OILWELL INC.                      0.000 NOI     637071101     20.6100       154,000.00      4,742,378.72      3,173,940.00
NCO GROUP INC.                             0.000 NCOG    628858102     22.9000        73,000.00      1,462,563.48      1,671,700.00
NEIMAN MARCUS GROUP INC-CLASS              0.000 NMG.A   640204202     31.0700        96,000.00      3,220,929.65      2,982,720.00
NEW YORK COMMUNITY BANCORP                 2.798 NYCB    649445103     22.8700       190,000.00      4,362,088.06      4,345,300.00
NEWPORT CORP                               0.103 NEWP    651824104     19.2800        70,000.00      1,523,725.00      1,349,600.00
NOBLE AFFILIATES INC                       0.453 NBL     654894104     35.2900       114,000.00      2,704,406.97      4,023,060.00
NORTHEAST UTILITIES                        2.836 NU      664397106     17.6300       266,000.00      5,404,560.20      4,689,580.00
NSTAR CO.                                  4.593 NST     67019E107     44.8500        94,000.00      3,861,890.38      4,215,900.00
OCEAN ENERGY INC                           0.833 OEI     67481E106     19.2000       341,000.00      4,697,190.38      6,547,200.00
OGE ENERGY CORP                            5.762 OGE     670837103     23.0800       133,000.00      3,594,165.81      3,069,640.00
OHIO CASUALTY CORP.                        0.000 OCAS    677240103Q    16.0500       104,000.00      1,046,681.64      1,669,200.00
OLD REPUBLIC INT’L CORP.                   2.142 ORI     680223104     28.0100       231,000.00      5,568,859.12      6,470,310.00
OLIN CORP                                  4.956 OLN     680665205Q    16.1400        86,000.00      1,735,614.16      1,388,040.00
ONEOK INC.                                 3.475 OKE     682680103Q    17.8400       110,000.00      1,723,345.86      1,962,400.00
ONMICARE INC.                              0.361 OCR     681904108     24.8800       170,000.00      3,398,186.25      4,229,600.00
OVERSEAS SHIPHOLDING GROUP                 2.666 OSG     690368105     22.5000        81,000.00      2,004,212.53      1,822,500.00
PACIFIC CENTURY FINL CORP                  2.781 BOH     694058108     25.8900       133,000.00      3,300,078.68      3,443,370.00
PACIFICARE HEALTH SYSTEM                   0.000 PHSY    695112102     16.0000        60,000.00      3,857,508.49        960,000.00
PACKAGING CORP OF AMERICA                  0.000 PKG     695156109     18.1500       190,000.00      3,646,469.60      3,448,500.00
PARK PLACE ENTERTAINMENT CORPO             0.000 PPE     700690100      9.1700       610,000.00      7,142,875.28      5,593,700.00
PATTERSON-UTI ENERGY INC                   0.000 PTEN    703481101     23.3100       125,000.00      2,366,715.01      2,913,750.00
PAYLESS SHOESOURCE INC                     0.000 PSS     704379106     56.1500        48,000.00      2,605,086.59      2,695,200.00
PENNZOIL-QUAKER STATE COMPANY              0.692 PZL     709323109     14.4500       115,000.00      1,176,434.68      1,661,750.00
PENTAIR INC.                               1.972 PNR     709631105Q    36.5100        80,000.00      1,769,714.86      2,920,800.00
PEPSIAMERICAS INC                          0.289 PAS     71343P200Q    13.8000       285,000.00      4,581,901.50      3,933,000.00
PERRIGO CO.                                0.000 PRGO    714290103     11.8200       128,000.00        894,322.69      1,512,960.00
PIONEER NATURAL RESOURCES CO.              0.000 PXD     723787107     19.2600       210,000.00      2,545,994.19      4,044,600.00
PITTSTON BRINK’S GROUP                     0.452 PZB     725701106Q    22.1000       141,000.00      2,896,337.49      3,116,100.00
PLAINS RESOURCES INC.                      0.000 PLX     726540503     24.6100        15,000.00        368,400.00        369,150.00
PMI GROUP INC.                             0.238 PMI     69344M101     67.0100        82,000.00      3,163,024.41      5,494,820.00
POTLATCH CORP.                             2.046 PCH     737628107Q    29.3200        40,000.00      1,420,421.74      1,172,800.00
POTOMAC ELECTRIC POWER                     4.430 POM     737679100     22.5700       203,000.00      5,489,624.35      4,581,710.00
PRECISION CASTPARTS CORP                   0.424 PCP     740189105     28.2500       105,000.00      3,672,954.36      2,966,250.00
PRIDE INTERNATIONAL INC.                   0.000 PDE     74153Q102     15.1000       270,000.00      5,054,089.08      4,077,000.00
PROTECTIVE LIFE CORP                       1.935 PL      743674103     28.9300       125,000.00      2,806,407.95      3,616,250.00
PROVIDENT FINANCIAL GROUP                  3.653 PFGI    743866105     26.2800       100,000.00      3,147,895.74      2,628,000.00
PUBLIC SERVICE CO OF N MEX                 2.862 PNM     69349H107     27.9500        87,000.00      2,293,068.74      2,431,650.00

Instrument - COM       COMMON STOCK

PUGET ENERGY INC                           8.405 PSD     745310102Q    21.8900       155,000.00      3,863,485.84      3,392,950.00
QUANTA SERVICES INC.                       0.000 PWR     74762E102     15.4300       133,000.00      5,507,098.47      2,052,189.99
QUANTUM CORPORATION- DLT & STO             0.000 DSS     747906204      9.8500       279,000.00      3,307,843.17      2,748,150.00
QUESTAR CORP                               2.874 STR     748356102Q    25.0500       140,000.00      3,264,581.98      3,507,000.00
R.J. REYNOLDS TOBACCO HOLDINGS             6.216 RJR     76182K105     56.3000       193,000.00      6,138,653.99     10,865,900.00
RADIAN GROUP INC.                          0.186 RDN     750236101     42.9500       172,000.00      5,187,074.93      7,387,400.00
RAYONIER INC.                              2.853 RYN     754907103Q    50.4700        47,000.00      1,910,077.67      2,372,090.00
REPUBLIC SERVICES INC                      0.000 RSG     760759100     19.9700       295,000.00      5,608,259.81      5,891,150.00
RPM INC. OHIO                              3.457 RPM     749685103Q    14.4600       164,000.00        796,487.71      2,371,440.00
RSA SECURITY INC.                          0.000 RSAS    749719100     17.4600       130,000.00      3,319,351.13      2,269,800.00
RUDDICK CORP.                              2.251 RDK     781258108Q    15.9900        88,000.00        566,003.64      1,407,120.00
SAKS INCORPORATED                          0.000 SKS     79377W108      9.3400       290,000.00      8,978,324.23      2,708,600.00
SANDISK CORP                               0.000 SNDK    80004C101     14.4000       137,000.00      4,305,432.86      1,972,800.00
SCANA CORP                                 4.311 SCG     80589M102Q    27.8300       192,000.00      5,185,041.92      5,343,360.00
SCHULMAN (A.) INC.                         3.956 SHLM    808194104Q    13.6500        55,000.00        704,448.72        750,750.00
SENSIENT TECHNOLOGIES                      2.546 SXT     81725T100Q    20.8100        96,200.00      1,656,605.56      2,001,922.00
SEQUA CORP - CL A                          0.000 SQA.A   817320104     47.5200        12,000.00        568,372.12        570,240.00
SIERRA PACIFIC RESOURCES                   5.315 SRP     826428104     15.0500       180,000.00      3,380,174.30      2,709,000.00
SILICON VALLEY BANCSHARES                  0.000 SIVB    827064106     26.7300       100,000.00      2,828,706.39      2,673,000.00
SINCLAIR BROADCAST GROUP-A                 0.000 SBGI    829226109      9.4600        50,000.00        457,001.00        473,000.00
SIX FLAGS INC.                             0.000 PKS     83001P109     15.3800       200,000.00      4,261,282.32      3,076,000.00
SMITH INTERNATIONAL INC                    0.000 SII     832110100     53.6200        94,000.00      4,880,400.01      5,040,280.00
SOVEREIGN BANCORP INC                      0.817 SOV     845905108     12.2400       460,000.00      7,097,768.30      5,630,400.00
STANCORP FINANCIAL GROUP                   0.677 SFG     852891100     47.2500        55,000.00      2,629,555.20      2,598,750.00
STEAK N SHAKE COMPANY                      0.000 SNS     857873103     11.0400        35,000.00        269,377.57        386,400.00
STERIS CORP                                0.000 STE     859152100Q    18.2700        22,000.00        539,755.42        401,940.00
STEWART & STEVENSON SERVICES               1.807 SSSS    860342104Q    18.8100        70,000.00      1,676,643.24      1,316,700.00
STORAGE TECHNOLOGY CORP                    0.000 STK     862111200     20.6700       200,000.00      4,420,852.54      4,134,000.00
SUPERIOR INDUSTRIES INTL                   1.093 SUP     868168105     40.2500        46,000.00      1,295,588.08      1,851,500.00
SWIFT TRANSPORTATION CO.                   0.000 SWFT    870756103     21.5100       149,000.00      2,667,269.19      3,204,990.00
SYBASE INC.                                0.000 SY      871130100     15.7600       207,000.00      4,381,981.28      3,262,320.00
SYKES ENTERPRISES                          0.000 SYKE    871237103      9.3400        60,000.00        381,745.10        560,400.00
SYLVAN LEARNING SYSTEMS INC                0.000 SLVN    871399101     22.0700        74,000.00      1,309,304.55      1,633,180.00
TECH DATA CORP                             0.000 TECD    878237106     43.2800        94,000.00      3,513,006.62      4,068,320.00
TECUMSEH PRODUCTS CO CL-A                  2.528 TECUA   878895200     50.6300        28,000.00      1,390,841.54      1,417,640.00
TELEFLEX INC                               1.437 TFX     879369106Q    47.3100        69,000.00      1,365,354.63      3,264,390.00
TELEPHONE & DATA                           0.601 TDS     879433100     89.7500       112,000.00      7,153,817.64     10,052,000.00
THE MONY GROUP INC.                        1.301 MNY     615337102     34.5700        98,000.00      3,626,899.70      3,387,860.00
TIDEWATER INC                              1.769 TDW     886423102Q    33.9000       105,000.00      3,980,299.45      3,559,500.00

Instrument - COM       COMMON STOCK

TRANSACTION SYSTEMS ARCHITECTS             0.000 TSAI    893416107     12.2600        55,000.00      1,856,354.46        674,300.00
TRANSWITCH CORP                            0.000 TXCC    894065101      4.5000       170,000.00      3,983,279.45        765,000.02
TRIAD HOSPITALS INC                        0.000 TRI     89579K109     29.3500       132,000.00      4,324,074.26      3,874,200.00
TRIGON HEALTHCARE CORP.                    0.000 TGH     89618L100     69.4500        72,000.00      3,833,069.94      5,000,400.00
TRINITY INDUSTRIES                         2.650 TRN     896522109     27.1700        83,000.00      2,011,303.61      2,255,110.00
TRIQUENT SEMICONDUCTOR                     0.000 TQNT    89674K103     12.2600        29,000.00        612,220.60        355,540.00
TYSON FOODS INC. CL-A                      1.385 TSN     902494103     11.5500       680,000.00     10,075,283.85      7,853,999.99
UNIFI INC                                  0.000 UFI     904677101      7.2500        49,300.00        353,328.46        357,425.00
UNITED RENTALS INCORPORATED                0.000 URI     911363109     22.7000       122,000.00      2,677,600.28      2,769,400.00
UNITRIN INC.                               4.048 UTR     913275103     39.5200       122,000.00      4,161,678.09      4,821,440.00
UNIVERSAL CORP-VA                          3.515 UVV     913456109Q    36.4100        49,700.00      1,198,776.99      1,809,577.00
UTILICORP UNITED INC                       4.767 UCU     918005109     25.1700       202,700.00      5,477,336.37      5,101,959.00
VALERO ENERGY CORP.                        1.049 VLO     91913Y100Q    38.1200       257,308.77      5,042,453.17      9,808,610.31
VALSPAR CORP                               1.363 VAL     920355104     39.6000        10,000.00        362,569.14        396,000.00
VARCO INTERNATIONAL INC.                   0.000 VRC     922122106     14.9800       200,000.00      4,001,174.71      2,996,000.00
VECTREN CORPORATION                        4.420 VVC     92240G101     23.9800       126,000.00      2,478,643.85      3,021,480.00
VERITAS DGC INC.                           0.000 VTS     92343P107     18.5000        15,000.00        168,090.00        277,500.00
VERITY INC.                                0.000 VRTY    92343C106     20.2500        21,000.00        302,018.00        425,250.00
VIAD CORP                                  1.520 VVI     92552R109     23.6800       170,000.00      4,341,364.78      4,025,600.00
VISHAY INTERTECHNOLOGY INC.                0.000 VSH     928298108     19.5000       314,000.00      3,907,210.12      6,123,000.00
WALLACE COMPUTER SVCS INC                  3.475 WCS     932270101     18.9900        56,000.00      1,030,627.58      1,063,440.00
WAUSAU-MOSINEE PAPER CORP.                 2.809 WMO     943315101     12.1000        71,000.00        902,668.89        859,100.00
WEATHERFORD INTERNATIONAL, INC             0.000 WFT     947074100     37.2600       219,000.00      4,988,291.15      8,159,940.00
WEBSTER FINANCIAL CORPORATION              2.156 WBST    947890109     31.5300        83,000.00      2,444,199.62      2,616,990.00
WESTERN GAS RESOURCES INC                  0.618 WGR     958259103     32.3200        60,000.00      2,218,923.75      1,939,200.00
WESTERN RESOURCES INC.                     6.976 WR      959425109     17.2000       134,000.00      2,772,619.68      2,304,800.00
WGL HOLDINGS, INC.                         4.334 WGL     92924F106     29.0700        79,000.00      2,056,292.37      2,296,530.00
WISCONSIN ENERGY CORP.                     3.546 WEC     976657106Q    22.5600       209,000.00      5,693,409.74      4,715,040.00
YORK INTERNATIONAL CORP                    1.573 YRK     986670107     38.1300        65,000.00      1,989,154.14      2,478,450.00

Instrument Total           263                                                    35,664,392.77    812,184,770.47    820,022,867.83

Instrument -REIT      REAL ESTATE INVESTMENT TRUST

HOSPITALITY PROPERTIES TRUST               9.627 HPT     44106M102     29.5000        78,000.00      2,029,251.38      2,301,000.00
NEW PLAN EXCEL REALTY TRUST, I             8.661 NXL     648053106Q    19.0500        80,000.00      1,475,683.54      1,524,000.00

Instrument Total             2                                                       158,000.00      3,504,934.92      3,825,000.00

Portfolio Total            265                                                    35,822,392.77    815,689,705.39    823,847,867.83

