Instrument - COM       COMMON STOCK

ABBOTT LABORATORIES                        1.506 ABT     002824100Q    55.7500     1,439,000.00     41,428,134.86     80,224,250.01
ADOBE SYSTEMS INC.                         0.161 ADBE    00724F101Q    31.0500       170,000.00      4,574,999.54      5,278,500.00
ALLERGAN PHARMACEUTICALS INC.              0.479 AGN     018490102Q    75.0500       160,000.00      9,755,238.43     12,008,000.00
ALTERA CORP                                0.000 ALTR    021441100     21.2200       475,000.00     10,590,362.78     10,079,500.00
AMERICAN HOME PRODUCTS                     1.499 AHP     026609107Q    61.3600     1,276,600.00     55,024,132.74     78,332,176.00
AMERICAN PHARMACEUTICAL PART               0.000 APPX    02886P109     20.8000         5,000.00         80,000.00        104,000.00
AMGEN INC                                  0.000 AMGN    031162100     56.4400       977,000.00     34,579,493.65     55,141,880.01
ANALOG DEVICES                             0.000 ADI     032654105     44.3900       280,000.00     14,125,200.06     12,429,200.00
ANHEUSER-BUSCH                             1.592 BUD     035229103Q    45.2100       828,300.00     27,609,366.80     37,447,443.00
APPLERA CORP - APPLIED BIOSYST             0.432 ABI     038020103Q    39.2700       183,000.00      7,834,917.22      7,186,410.00
APPLIED MATERIALS INC.                     0.000 AMAT    038222105     40.1000       735,000.00     35,472,430.89     29,473,500.00
AUTOMATIC DATA PROC.                       0.781 ADP     053015103Q    58.9000       540,000.00     20,502,521.79     31,806,000.00
AUTOZONE INC                               0.000 AZO     053332102     71.8000         7,000.00        510,715.10        502,600.00
AVAYA INC                                  0.000 AV      053499109     12.1500       340,000.00      6,174,681.97      4,131,000.00
AVERY DENNISON                             2.335 AVY     053611109Q    56.5300        72,400.00      4,155,706.48      4,092,772.00
AVON PRODUCTS                              1.634 AVP     054303102Q    46.5000       195,000.00      5,317,464.06      9,067,500.00
BAKER HUGHES CORP                          1.261 BHI     057224107Q    36.4700        41,000.00      1,512,084.10      1,495,270.00
BANK OF NEW YORK CO, INC                   1.764 BK      064057102Q    40.8000       741,000.00     26,281,635.91     30,232,800.00
BAXTER INTL                                1.081 BAX     071813109Q    53.6300       591,000.00     16,916,738.70     31,695,329.99
BED BATH & BEYOND INC                      0.000 BBBY    075896100     33.9000       317,000.00      6,071,531.27     10,746,300.00
BEST BUY COMPANY INC                       0.000 BBY     086516101     74.4800       180,000.00      7,441,510.13     13,406,400.00
BIOGEN INC.                                0.000 BGEN    090597105     57.3500       157,900.00      7,625,157.20      9,055,565.00
BIOMET INC.                                0.000 BMET    090613100     30.9000       185,000.00      2,764,410.40      5,716,500.00
BOSTON SCIENTIFIC CORP.                    0.000 BSX     101137107     24.1200       381,000.00      8,738,140.17      9,189,720.00
BRISTOL-MYERS SQUIBB                       2.156 BMY     110122108Q    51.0000     1,831,000.00     81,515,181.06     93,381,000.01
CALPINE CORPORATION                        0.000 CPN     131347106     16.7900       141,000.00      3,799,718.27      2,367,389.99
CAMPBELL SOUP CO.                          2.109 CPB     134429109Q    29.8700       300,000.00     10,539,649.95      8,961,000.00
CARDINAL HEALTH INC.                       0.154 CAH     14149Y108Q    64.6600       407,999.50     15,160,030.79     26,381,247.67
CENDANT CORP.                              0.000 CD      151313103     19.6100       150,000.00      2,603,700.00      2,941,500.00
CHIRON CORP                                0.000 CHIR    170040109     43.8400       147,500.00      3,740,566.76      6,466,400.00
CINTAS CORP                                0.458 CTAS    172908105     48.0000       116,000.00      4,499,304.30      5,568,000.00
CIRRUS LOGIC INC                           0.000 CRUS    172755100     13.2200       130,000.00        988,829.79      1,718,600.00
CISCO SYSTEMS                              0.000 CSCO    17275R102     18.1100     6,880,000.00    206,674,916.83    124,596,800.00
CITRIX SYSTEMS INC                         0.000 CTXS    177376100     22.6600       213,000.00      7,677,777.59      4,826,580.00
CLOROX COMPANY                             2.123 CLX     189054109Q    39.5500       149,077.00      6,331,482.91      5,895,995.35
COCA COLA CO.                              1.527 KO      191216100Q    47.1500     2,338,300.00    134,660,234.42    110,250,845.00
COLGATE PALMOLIVE                          1.246 CL      194162103Q    57.7500       481,500.00     16,138,265.32     27,806,625.00
CONCORD EFS INC.                           0.000 CEFT    206197105     32.7800       570,000.00     10,526,730.69     18,684,600.01
CONVERGYS CORPORATION                      0.000 CVG     212485106     37.4900       247,000.00      8,131,290.32      9,260,029.99

Instrument - COM       COMMON STOCK

CVS CORP.                                  0.777 CVS     126650100Q    29.6000        86,000.00      3,008,456.46      2,545,600.02
DELL COMPUTER CORP.                        0.000 DELL    247025109     27.1800     2,376,000.00     89,256,903.23     64,579,680.00
DOLLAR GENERAL                             0.872 DG      256669102     14.9000       112,000.00      1,615,323.96      1,668,800.01
DOW JONES & CO INC                         1.827 DJ      260561105Q    54.7300        57,000.00      3,160,435.16      3,119,610.00
ECOLAB INC                                 1.291 ECL     278865100Q    40.2500        80,000.00      2,254,034.83      3,220,000.00
EDISON INTERNATIONAL                       0.000 EIX     281020107Q    15.1000       146,000.37      3,437,812.37      2,204,605.66
ELECTRONIC DATA SYSTEMS                    0.875 EDS     285661104Q    68.5500       460,000.00     20,452,599.84     31,533,000.01
ELI LILLY & COMPANY                        1.426 LLY     532457108Q    78.5400       990,000.00     47,084,756.30     77,754,600.00
EMC CORP                                   0.000 EMC     268648102     13.4400     2,110,000.00     59,384,577.48     28,358,400.01
EQUIFAX INC                                0.331 EFX     294429105     24.1500        76,900.00      1,430,439.83      1,857,135.00
FAMILY DOLLAR STORES                       0.800 FDO     307000109Q    29.9800       158,000.00      3,266,244.90      4,736,840.00
FED. NATL. MTG. ASSN.                      1.509 FNM     313586109Q    79.5000       930,000.00     50,282,046.60     73,935,000.00
FIFTH THIRD BANCORP                        1.304 FITB    316773100Q    61.3300       544,000.00     25,193,944.03     33,363,520.00
FIRST DATA CORP                            0.102 FDC     319963104Q    78.4500       400,000.00     14,268,138.91     31,380,000.00
FISERV INC. WISCONSIN                      0.000 FISV    337738108     42.3200       120,000.00      2,990,241.98      5,078,400.00
FOREST LABORATORIES INC.                   0.000 FRX     345838106     81.9500       175,000.00      8,798,298.33     14,341,250.00
GAP INC                                    0.645 GPS     364760108Q    13.9400       156,000.00      4,519,528.49      2,174,640.01
GENERAL ELECTRIC CO                        1.596 GE      369604103Q    40.0800     9,295,000.00    260,543,962.84    372,543,600.00
GENERAL MILLS INC                          2.115 GIS     370334104Q    52.0100       375,000.00     15,646,461.19     19,503,750.00
GENZYME CORP. GEN. DIV.                    0.000 GENZ    372917104     59.8600       193,000.00      5,957,851.88     11,552,980.00
GILLETTE CO                                1.946 G       375766102Q    33.4000     1,010,900.00     37,765,434.80     33,764,060.00
GUIDANT CORP.                              0.000 GDT     401698105Q    49.8000       326,000.00     12,796,147.34     16,234,800.00
H & R BLOCK INC.                           1.431 HRB     093671105Q    44.7000       173,000.00      6,671,689.00      7,733,100.00
HARLEY-DAVIDSON INC                        0.221 HDI     412822108Q    54.3100       255,000.00      8,408,087.29     13,849,050.00
HCA INC                                    0.207 HCA     404119109     38.5400       107,000.00      2,895,985.14      4,123,780.00
HEINZ H. J. CO.                            3.939 HNZ     423074103Q    41.1200       290,000.00     10,991,789.60     11,924,800.00
HERSHEY FOODS CORP.                        1.787 HSY     427866108Q    67.7000        95,000.00      4,379,401.10      6,431,500.00
HOME DEPOT INC.                            0.392 HD      437076102Q    51.0100     2,197,999.50     75,103,100.09    112,119,954.50
IMMUNEX CORP                               0.000 IMNX    452528102     27.7100       492,000.00      9,225,431.20     13,633,320.00
IMS HEALTH INC.                            0.410 RX      449934108     19.5100       350,000.00      5,690,368.28      6,828,500.00
INTEL CORP.                                0.254 INTC    458140100Q    31.4500     6,120,000.00    170,425,402.09    192,474,000.01
INTERNATL FLAVORS & FRAGRANCES             2.019 IFF     459506101Q    29.7100        29,052.00      1,173,470.09        863,134.92
INTERPUBLIC GROUP                          1.286 IPG     460690100Q    29.5400       440,000.00     13,515,419.53     12,997,599.99
INTL BUS MACH CORP                         0.463 IBM     459200101Q   120.9600     1,582,000.00    146,050,141.33    191,358,720.00
INTL GAME TECHNOLOGY                       0.000 IGT     459902102     68.3000        64,000.00      1,806,169.61      4,371,200.00
INTUIT INC.                                0.000 INTU    461202103     42.7800       200,000.00      5,886,891.30      8,556,000.00
JOHNSON & JOHNSON                          1.218 JNJ     478160104Q    59.1000     2,860,000.00     94,079,582.64    169,026,000.00
KELLOGG CO.                                3.355 K       487836108Q    30.1000       292,000.00      9,401,108.65      8,789,200.00
KIMBERLY-CLARK CORP                        1.872 KMB     494368103Q    59.8000       556,000.00     28,595,381.95     33,248,800.00

Instrument - COM       COMMON STOCK

KING PHARMACEUTICALS                       0.000 KG      495582108     42.1300       280,000.00      9,569,892.23     11,796,400.00
KLA-TENCOR CORP.                           0.000 KLAC    482480100     49.5600        94,999.99      2,634,419.81      4,708,199.99
KOHLS CORP                                 0.000 KSS     500255104     70.4400       324,000.00     13,671,168.72     22,822,560.00
KROGER CO.                                 0.000 KR      501044101     20.8700       794,000.00     14,329,609.61     16,570,780.00
LEXMARK INTERNATIONAL INC.                 0.000 LXK     529771107     59.0000       123,000.00      7,027,544.39      7,257,000.00
LINEAR TECHNOLOGY CORP                     0.409 LLTC    535678106     39.0400       298,000.00      9,096,549.70     11,633,920.00
LOWE’S COS                                 0.172 LOW     548661107Q    46.4100       742,000.00     17,050,495.18     34,436,220.00
MARSH & MCLENNAN COS.                      1.973 MMC     571748102Q   107.4500       265,500.00     24,174,532.83     28,527,975.00
MATTEL INC.                                0.290 MAT     577081102Q    17.2000       350,000.00      6,837,220.17      6,020,000.00
MAXIM INTGRTD PRDCTS INC.                  0.000 MXIM    57772K101     52.5100       230,000.00      6,827,110.95     12,077,300.00
MAYTAG COMPANY                             2.320 MYG     578592107Q    31.0300       114,000.00      3,523,493.08      3,537,420.00
MCGRAW HILL INC                            1.607 MHP     580645109Q    60.9800       147,000.00      6,967,074.68      8,964,060.00
MEDIMMUNE INC                              0.000 MEDI    584699102     46.3500       180,200.00      4,892,771.63      8,352,269.99
MEDTRONIC INC                              0.449 MDT     585055106Q    51.2100     1,159,000.00     33,182,966.22     59,352,390.00
MELLON NATIONAL CORP.                      1.275 MEL     58551A108Q    37.6200       386,000.00     12,258,788.59     14,521,320.00
MERCK & CO INC                             2.381 MRK     589331107Q    58.8000     2,105,000.00     99,090,321.75    123,774,000.00
MERCURY INTERACTIVE CORP.                  0.000 MERQ    589405109     33.9800       143,000.00      4,323,956.63      4,859,140.00
MERRILL LYNCH & CO. INC.                   1.227 MER     590188108Q    52.1200        30,000.00      1,206,940.20      1,563,600.00
MICROSOFT CORP.                            0.000 MSFT    594918104     66.2500     5,012,000.00    358,592,933.42    332,045,000.00
MILLIPORE CORPORATION                      0.724 MIL     601073109Q    60.7000        30,600.00      2,101,674.00      1,857,420.00
MINN MINING & MFG CO                       2.030 MMM     604059105Q   118.2100       351,436.00     33,318,804.68     41,543,249.56
MOODY’S CORPORATION                        0.451 MCO     615369105     39.8600        75,800.00      1,709,013.46      3,021,388.00
NETWORK APPLIANCE INC.                     0.000 NTAP    64120L104     21.8700       240,000.00      5,659,941.60      5,248,800.01
NEW YORK TIMES CO. CL A                    1.156 NYT     650111107Q    43.2500       177,113.00      6,408,942.03      7,660,137.25
NEXTEL COMMUNICATIONS CL-A                 0.000 NXTL    65332V103     10.9600     1,013,900.00     29,566,130.92     11,112,344.00
NORTHERN TRUST CORP                        1.129 NTRS    665859104     60.2200       204,000.00      8,891,666.15     12,284,880.00
NVIDIA CORP                                0.000 NVDA    67066G104     66.9000       134,000.00      4,687,423.01      8,964,600.01
OMNICOM GROUP                              0.895 OMC     681919106     89.3500       171,000.00     10,763,683.46     15,278,850.00
ORACLE SYS. CORP.                          0.000 ORCL    68389X105     13.8100     5,103,000.00     69,946,457.11     70,472,430.00
PAYCHEX INC                                1.262 PAYX    704326107     34.8500       285,000.00      7,957,523.17      9,932,250.00
PEOPLESOFT INC                             0.000 PSFT    712713106     40.2000       230,000.00      6,833,826.27      9,246,000.00
PEPSICO INC.                               1.191 PEP     713448108Q    48.6900     1,575,400.00     48,905,285.33     76,706,226.00
PFIZER INC.                                1.104 PFE     717081103Q    39.8500     5,883,000.00    116,413,530.99    234,437,550.00
PHARMACIA CORPORATION                      1.266 PHA     71713U102     42.6500     1,245,000.00     49,962,967.99     53,099,250.00
PHILIP MORRIS COS                          5.060 MO      718154107Q    45.8500     2,049,000.00     67,415,048.38     93,946,650.00
PITNEY-BOWES, INC.                         3.084 PBI     724479100Q    37.6100       283,000.00     13,182,777.11     10,643,630.00
PMC-SIERRA INC                             0.000 PMCS    69344F106     21.2600       105,000.00      3,784,326.00      2,232,300.00
PROCTER & GAMBLE CO                        1.920 PG      742718109Q    79.1300     1,218,000.00     74,934,484.01     96,380,340.00
QLOGIC CORPORATION                         0.000 QLGC    747277101     44.5100       108,000.00      5,161,616.51      4,807,080.00

Instrument - COM       COMMON STOCK

QUALCOMM INC                               0.000 QCOM    747525103     50.5000       710,000.00     53,081,678.25     35,855,000.00
RADIOSHACK CORP                            0.730 RSH     750438103Q    30.1000       198,000.00      5,982,463.96      5,959,800.00
ROBERT HALF INTL INC                       0.000 RHI     770323103     26.7000       167,000.00      3,915,402.92      4,458,900.00
SARA LEE CORP.                             2.699 SLE     803111103Q    22.2300       935,000.00     17,088,317.05     20,785,050.00
SCHERING-PLOUGH                            1.787 SGP     806605101Q    35.8100     1,340,000.00     31,367,242.38     47,985,400.00
SCHWAB (CHARLES) CORP                      0.258 SCH     808513105     15.4700     1,294,000.00     29,098,536.33     20,018,180.00
SIEBEL SYSTEMS INC.                        0.000 SEBL    826170102     27.9800       500,000.00     11,991,292.87     13,989,999.99
SPRINT PCS GROUP                           0.000 PCS     852061506     24.4100       980,000.00     38,245,095.42     23,921,800.00
ST JUDE MED. INC.                          0.000 STJ     790849103     77.6500        25,966.00        726,826.63      2,016,259.90
STANLEY WORKS                              2.061 SWK     854616109Q    46.5700        81,000.00      2,599,049.43      3,772,170.00
STARBUCKS CORP.                            0.000 SBUX    855244109     19.0500       261,000.00      4,638,459.34      4,972,050.00
STATE STREET CORP                          0.765 STT     857477103     52.2500       302,200.00     11,686,402.05     15,789,950.00
STRYKER CORP.                              0.137 SYK     863667101     58.3700       151,100.00      4,259,088.75      8,819,707.00
SUN MICROSYSTEMS INC.                      0.000 SUNW    866810104     12.3000     3,042,000.00     63,330,652.07     37,416,600.00
SYMBOL TECHNOLOGIES INC                    0.125 SBL     871508107     15.8800       138,000.00      1,845,139.80      2,191,440.00
SYNOVUS FINANCIAL CORP                     2.035 SNV     87161C105     25.0500        72,000.00      1,674,519.15      1,803,600.00
SYSCO CORP.                                1.373 SYY     871829107Q    26.2200       500,000.00      6,171,739.42     13,110,000.00
TARGET CORP                                0.535 TGT     87612E106Q    41.0500       842,000.00     23,714,719.61     34,564,099.99
TERADYNE INC                               0.000 TER     880770102     30.1400        70,000.00      2,082,650.50      2,109,800.00
TEXAS INSTRS INC                           0.321 TXN     882508104Q    28.0000     1,740,000.00     63,575,668.26     48,720,000.00
TIFFANY & CO                               0.508 TIF     886547108     31.4700       141,000.00      4,191,965.27      4,437,270.00
TJX COS. INC.                              0.451 TJX     872540109Q    39.8600       258,000.00      6,596,653.38     10,283,880.00
TMP WORLDWIDE INC                          0.000 TMPW    872941109     42.9000        68,600.00      3,427,671.74      2,942,940.00
TRICON GLOBAL RESTAURANTS-WI               0.000 YUM     895953107     49.2000       137,000.00      4,457,278.23      6,740,400.00
TRIQUENT SEMICONDUCTOR                     0.000 TQNT    89674K103     12.2600       115,000.00      2,204,518.12      1,409,899.98
TYCO INT’L. LTD NEW                        0.084 TYC     902124106Q    58.9000        65,000.00      2,400,458.10      3,828,500.01
UNILEVER UN                                1.909 UN      904784709S    57.6100       492,000.00     31,008,201.96     28,344,120.00
UNITEDHEALTH GROUP INC                     0.042 UNH     91324P102A    70.7700       230,140.00      5,617,577.28     16,287,007.80
UNIVISION COMMUNICATIONS                   0.000 UVN     914906102     40.4600       255,000.00      8,219,738.49     10,317,300.00
USA EDUCATION INC                          0.952 SLM     90390U102     84.0200       120,000.00      6,590,025.80     10,082,400.00
UST INC.                                   5.257 UST     902911106Q    35.0000       176,000.00      3,459,681.76      6,160,000.01
VERITAS SOFTWARE CORPORATION               0.000 VRTS    923436109     44.8300       368,000.00     13,950,539.54     16,497,439.99
VITESSE SEMICONDUCTOR CORP                 0.000 VTSS    928497106     12.4300        78,000.00      1,033,137.02        969,540.00
WAL MART STORES INC                        0.486 WMT     931142103Q    57.5500     4,091,000.00    146,056,218.58    235,437,050.01
WALGREEN CO.                               0.445 WAG     931422109Q    33.6600       921,000.00     17,787,487.50     31,000,860.00
WASTE MANAGEMENT INC.                      0.031 WMI     94106L109     31.9100        55,000.00      1,596,639.00      1,755,050.00
WATERS CORPORATION                         0.000 WAT     941848103     38.7500       122,000.00      4,487,690.34      4,727,500.01
WRIGLEY WM JR CO                           1.479 WWY     982526105Q    51.3700       161,300.00      5,526,612.55      8,285,981.00
XILINX INC                                 0.000 XLNX    983919101     39.0500       348,000.00     11,990,446.38     13,589,400.01

Instrument - COM       COMMON STOCK

YAHOO INC                                  0.000 YHOO    984332106     17.7400       523,800.00     75,360,226.52      9,292,212.00
ZIMMER HOLDINGS INC                        0.000 ZMH     98956P102     30.5400       220,000.00      5,093,906.33      6,718,800.00

Instrument Total           158                                                   116,214,483.37  4,076,481,842.94  4,830,790,446.68

Portfolio Total            158                                                   116,214,483.37  4,076,481,842.94  4,830,790,446.68

