Instrument - COM       COMMON STOCK

ABERCROMBIE & FITCH CO                     0.000 ANF     002896207     26.5300       181,600.00      4,716,446.75      4,817,848.00
ADAPTEC INC                                0.000 ADPT    00651F108     14.5000        49,400.00        696,922.35        716,300.00
ADVENT SOFTWARE INC                        0.000 ADVS    007974108     49.9500        54,200.00      3,422,113.50      2,707,290.00
AFFILIATED COMPUTER SERVICES               0.000 ACS     008190100    106.1300       121,000.00      7,871,737.82     12,841,730.00
AMERICAN EAGLE OUTFITTERS                  0.000 AEOS    02553E106     26.1700       146,100.00      4,173,313.24      3,823,437.00
AMERICAN STANDARD COMPANIES                0.000 ASD     029712106     68.2300       131,000.00      6,164,697.69      8,938,130.00
AMETEK INC.                                0.752 AME     031100100Q    31.8900        47,700.00        885,153.91      1,521,153.00
APOGENT TECHNOLOGY                         0.000 AOT     03760A101     25.8000       192,900.00      3,891,083.97      4,976,820.00
APOLLO GROUP INC                           0.000 APOL    037604105     45.0100       200,600.00      4,879,118.90      9,029,006.00
APRIA HEALTHCARE GP. INC.                  0.000 AHG     037933108     24.9900        99,500.00      2,220,447.15      2,486,505.00
ATI TECHNOLOGIES INC                       0.000 ATYT    001941103     12.7000        60,400.00        576,182.36        767,080.03
AXCELIS TECHNOLOGIES INC                   0.000 ACLS    054540109     12.8900        82,100.00      1,060,849.42      1,058,269.00
BARR LABORATORIES INC.                     0.000 BRL     068306109     79.3600        87,200.00      5,669,171.79      6,920,192.00
BECKMAN COULTER INC.                       0.767 BEC     075811109     44.3000       102,700.00      3,164,152.16      4,549,610.00
BISYS GROUP INC.                           0.000 BSYS    055472104     63.9900       101,300.00      3,136,807.44      6,482,187.00
BJ SERVICES CO                             0.000 BJS     055482103     32.4500       323,700.00      7,477,745.44     10,504,065.00
BJ’S WHOLESALE CLUB INC.                   0.000 BJ      05548J106     44.1000       141,700.00      4,776,616.84      6,248,970.00
BRINKER INTERNATIONAL INC                  0.000 EAT     109641100     29.7600       192,100.00      4,460,453.25      5,716,896.00
C.H.ROBINSON WORLDWIDE INC                 0.691 CHRW    12541W100     28.9150       154,300.00      4,135,568.41      4,461,584.51
CABOT MICROELECTRONICS CORPORA             0.000 CCMP    12709P103     79.2500        53,900.00      3,419,464.63      4,271,575.00
CADENCE DESIGN SYS INC                     0.000 CDN     127387108     21.9200       446,300.00      8,850,978.42      9,782,896.01
CATALINA MARKETING CORP                    0.000 POS     148867104     34.7000        89,400.00      2,490,338.18      3,102,180.00
CDW COMPUTER CENTERS                       0.000 CDWC    125129106     53.7100       175,100.00      6,541,897.72      9,404,621.00
CERTEGY INC                                0.000 CEY     156880106     34.2200       114,100.00      3,284,565.48      3,904,502.00
CHOICEPOINT INC.                           0.000 CPS     170388102     50.6900       114,800.00      4,188,546.34      5,819,212.01
CHURCH & DWIGHT INC                        1.126 CHD     171340102Q    26.6300        48,100.00      1,256,309.81      1,280,903.00
CIRRUS LOGIC INC                           0.000 CRUS    172755100     13.2200       204,400.00      3,714,257.90      2,702,167.99
COACH INC                                  0.000 COH     189754104     38.9800        69,300.00      2,578,384.40      2,701,314.00
COMPUTER NETWORK TECH CORP                 0.000 CMNT    204925101     17.7900        41,400.00        770,304.09        736,506.00
COR THERAPEUTICS INC                       0.000 CORR    217753102     23.9300       101,600.00      2,326,567.57      2,431,288.02
COVANCE INC                                0.000 CVD     222816100     22.7000       108,500.00      1,575,885.37      2,462,950.00
CREDENCE SYSTEMS CORP                      0.000 CMOS    225302108     18.5700        19,200.00        331,996.89        356,544.00
CREE INC                                   0.000 CREE    225447101     29.4600       158,800.00      4,713,184.00      4,678,248.00
CSG SYSTEMS INTL. INC.                     0.000 CSGS    126349109     40.4500        96,800.00      5,806,322.75      3,915,560.00
CUMMINS INC.                               3.113 CUM     231021106Q    38.5400        20,000.00        774,113.75        770,800.00
CYPRESS SEMICONDUCTOR CORP                 0.000 CY      232806109     19.9300       219,600.00      6,622,072.19      4,376,628.00
CYTYC CORPORATION                          0.000 CYTC    232946103     26.1000       211,800.00      5,770,027.28      5,527,980.01
DENTSPLY INTERNATIONAL INC.                0.557 XRAY    249030107Q    50.2000       102,400.00      3,723,127.68      5,140,480.00
DEVRY INC.                                 0.000 DV      251893103     28.4500        87,700.00      1,582,922.06      2,495,065.00

Instrument - COM       COMMON STOCK

DIAL CORP/AZ                               0.932 DL      25247D101Q    17.1500       109,900.00      1,808,174.07      1,884,784.99
DIEBOLD INC                                1.582 DBD     253651103     40.4400       120,700.00      3,441,725.30      4,881,108.00
DOLLAR TREE STORES INC                     0.000 DLTR    256747106     30.9100       218,700.00      6,242,438.97      6,760,017.00
DONALDSON CO INC                           0.772 DCI     257651109     38.8400        71,100.00      2,234,744.76      2,761,524.00
DPL INC                                    3.903 DPL     233293109Q    24.0800       182,600.00      4,232,586.02      4,397,008.00
DREYER’S GRAND ICE CREAM INC               0.623 DRYR    261878102     38.5100        34,200.00      1,140,104.02      1,317,042.00
DST SYSTEMS INC                            0.000 DST     233326107     49.8500       235,500.00      9,599,063.48     11,739,675.00
DUN & BRADSTREET CORP                      0.000 DNB     26483E100     35.3000       122,400.00      2,610,177.01      4,320,720.00
EATON VANCE CORP.                          0.815 EV      278265103     35.5500       137,200.00      3,332,060.76      4,877,460.00
EDUCATION MANAGEMENT COPR                  0.000 EDMC    28139T101     36.2500        32,000.00      1,173,287.13      1,160,000.00
EDWARDS LIFESCIENCES                       0.000 EW      28176E108     27.6300       108,100.00      1,252,274.12      2,986,803.00
ELAN CORP PLC-ADR                          0.000 ELN     284131208     45.0600         8,500.00        380,508.15        383,010.00
ELECTRONIC ARTS, INC                       0.000 ERTS    285512109     59.9500       262,400.00     10,706,787.69     15,730,879.99
EMC CORP                                   0.000 EMC     268648102     13.4400        51,600.00        813,620.26        693,503.99
ENTERCOM COMMUNICATIONS CORP               0.000 ETM     293639100     50.0000        66,600.00      3,039,697.46      3,330,000.00
EQUITABLE RESOURCES INC                    1.878 EQT     294549100     34.0700       128,400.00      4,462,702.67      4,374,588.00
EXPEDITORS INT’L. WASH INC.                0.351 EXPD    302130109     56.9500        87,600.00      2,534,765.69      4,988,820.00
EXPRESS SCRIPTS                            0.000 ESRX    302182100     46.7600       152,700.00      4,437,671.91      7,140,252.00
FAIRCHILD SEMICONDUTOR CORP                0.000 FCS     303726103     28.2000       199,000.00      5,483,850.50      5,611,800.00
FASTENAL CO                                0.135 FAST    311900104     66.4300        69,300.00      4,047,284.25      4,603,599.00
FEDERAL SIGNAL CORP                        3.502 FSS     313855108     22.2700        65,300.00      1,193,096.16      1,454,231.00
FEI COMPANY                                0.000 FEIC    30241L109     31.5100        58,400.00      2,197,938.72      1,840,184.00
FERRO CORP                                 2.248 FOE     315405100Q    25.8000        62,600.00      1,334,697.18      1,615,080.00
FIRST HEALTH GROUP CORP.                   0.000 FHCC    320960107     24.7400       181,800.00      3,577,457.46      4,497,732.00
FIRST TENNESSEE NATL CORP                  2.757 FTN     337162101     36.2600       200,000.00      6,477,597.55      7,252,000.00
FLOWSERVE CORP.                            0.000 FLS     34354P105Q    26.6100        81,000.00      2,118,771.30      2,155,410.00
FMC TECHNOLOGIES INC                       0.000 FTI     30249U101     16.4500        78,398.12      1,398,088.63      1,289,649.09
FOREST LABORATORIES INC.                   0.000 FRX     345838106     81.9500         4,700.00        381,962.95        385,165.00
GALLAGHER (ARTHUR) J & CO.                 1.507 AJG     363576109Q    34.4900       132,700.00      2,317,256.33      4,576,823.00
GARTNER INC-CL B                           0.000 IT.B    366651206     11.2000       165,665.00      1,835,816.26      1,855,448.00
GENTEX CORP.                               0.000 GNTX    371901109     26.7300       137,000.00      3,577,570.90      3,662,010.00
GILEAD SCIENCES INC.                       0.000 GILD    375558103     65.7200       186,400.00      6,956,001.58     12,250,207.99
GREATER BAY BANCORP                        1.609 GBBK    391648102     28.5800       103,900.00      2,811,390.24      2,969,461.99
GTECH HOLDINGS CORP                        0.000 GTK     400518106     45.2900        52,500.00      1,018,752.82      2,377,725.00
HARTE-HANKS INC.                           0.426 HHS     416196103     28.1700       100,900.00      2,380,728.58      2,842,353.00
HENRY (JACK) & ASSOCIATES                  0.549 JKHY    426281101     21.8400       106,100.00      1,276,497.97      2,317,224.00
HENRY SCHEIN INC                           0.000 HSIC    806407102     37.0300        77,900.00      2,902,134.53      2,884,637.00
HILLENBRAND IND.                           1.519 HB      431573104Q    55.2700       113,900.00      5,769,422.40      6,295,253.00
HON INDUSTRIES                             1.736 HNI     438092108     27.6500       107,000.00      2,678,972.98      2,958,550.00

Instrument - COM       COMMON STOCK

HORMEL FOODS CORP                          1.451 HRL     440452100     26.8700       211,200.00      4,110,344.92      5,674,944.00
ICN PHARMACEUTICALS                        0.895 ICN     448924100Q    33.5000       160,900.00      4,539,560.21      5,390,150.00
IDEC PHARMACEUTICALS                       0.000 IDPH    449370105     68.9300       294,600.00      9,173,268.88     20,306,777.99
INTEGRATED CIRCUIT SYSTEMS                 0.000 ICST    45811K208     22.5900        39,200.00        734,272.61        885,528.00
INTEGRATED DEVICE TECH INC                 0.000 IDTI    458118106     26.5900       175,100.00      6,270,721.87      4,655,909.01
INTERNET SECURITY SYSTEMS                  0.000 ISSX    46060X107     32.0600        87,200.00      2,844,464.00      2,795,632.00
INTERSIL HOLDINGS CORP                     0.000 ISIL    46069S109     32.2500        11,300.00        398,428.59        364,425.00
INTERSTATE BAKERIES                        1.158 IBC     46072H108     24.1800        92,300.00      1,621,383.30      2,231,814.00
INVESTMENT TECHNOLOGY GROUP IN             0.000 ITG     46145F105     39.0700        60,000.00      1,434,011.40      2,344,200.00
INVESTORS FINANCIAL SERVICES C             0.120 IFIN    461915100     66.2100        64,100.00      2,874,170.77      4,244,061.00
IVAX CORP                                  0.000 IVX     465823102     20.1400       398,200.00      9,517,683.75      8,019,748.00
JACOBS ENGINEERING GROUP                   0.000 JEC     469814107     66.0000        43,300.00      1,765,468.46      2,857,800.00
KEANE INC.                                 0.000 KEA     486665102     18.0300       117,700.00      3,021,212.17      2,122,131.00
KING PHARMACEUTICALS                       0.000 KG      495582108     42.1300         9,200.00        380,362.54        387,596.00
KLA-TENCOR CORP.                           0.000 KLAC    482480100     49.5600        14,400.00        644,829.59        713,664.01
L-3 COMMUNICATIONS HOLDINGS IN             0.000 LLL     502424104     90.0000        75,900.00      5,465,194.64      6,831,000.00
LAM RESEARCH CORP                          0.000 LRCX    512807108     23.2200       260,700.00      6,037,993.79      6,053,454.01
LANCASTER COLONY CORP                      2.027 LANC    513847103     35.5100        67,600.00      1,941,675.65      2,400,476.00
LAND’S END INC                             0.000 LE      515086106     50.1600        46,500.00      1,932,552.26      2,332,440.00
LATTICE SEMICON. CORP.                     0.000 LSCC    518415104     20.5700       199,600.00      3,270,751.21      4,105,772.00
LEGATO SYSTEMS INC.                        0.000 LGTO    524651106     12.9700       190,700.00      3,967,506.22      2,473,379.00
LEGG MASON INC.                            0.800 LM      524901105     49.9800       129,300.00      5,288,137.22      6,462,414.00
LIFEPOINT HOSPITALS INC.                   0.000 LPNT    53219L109     34.0400        60,200.00      2,389,338.00      2,049,208.00
LINCARE HOLDINGS INC.                      0.000 LNCR    532791100     28.6500       196,600.00      4,138,513.59      5,632,590.00
LSI LOGIC CORP                             0.000 LSI     502161102     15.7800        24,100.00        426,099.12        380,298.04
LTX CORP                                   0.000 LTXX    502392103     20.9400        88,600.00      2,288,197.75      1,855,284.00
MACROMEDIA INC                             0.000 MACR    556100105     17.8000       106,100.00      2,410,492.21      1,888,580.00
MACROVISION CORP                           0.000 MVSN    555904101     35.2200       136,500.00      7,159,766.87      4,807,530.00
MANPOWER INC                               0.593 MAN     56418H100     33.7100       138,800.00      4,653,913.58      4,678,948.00
McCORMICK & CO                             2.001 MKC     579780206Q    41.9700       135,100.00      4,423,329.02      5,670,147.00
MCDATA CORPORATION-A WI                    0.000 MCDTA   580031201     24.5000       160,200.00      4,009,806.00      3,924,900.00
MENTOR GRAPHICS CORP.                      0.000 MENT    587200106     23.5700       102,900.00      1,539,159.26      2,425,353.00
MICREL INCORPORATED                        0.000 MCRL    594793101     26.2300       128,700.00      2,986,169.14      3,375,801.00
MICROCHIP TECHNOLOGY INC.                  0.000 MCHP    595017104     38.7400       215,400.00      5,809,296.37      8,344,595.98
MILLENNIUM PHARMACEUTICALS                 0.000 MLNM    599902103     24.5100       432,100.00     13,178,218.75     10,590,770.97
MILLER (HERMAN) INC                        0.634 MLHR    600544100     23.6600       106,000.00      2,176,652.04      2,507,960.00
MIPS TECHNOLOGIES INC CL B                 0.000 MIPSB   604567206      7.9800        71,300.00      1,992,890.83        568,974.00
MOHAWK INDUSTRIES INC.                     0.000 MHK     608190104     54.8800        88,900.00      1,865,263.22      4,878,832.00
MYLAN LABS                                 0.426 MYL     628530107Q    37.5000       249,600.00      7,260,525.98      9,360,000.00

Instrument - COM       COMMON STOCK

NATIONAL INSTRUMENTS CORP.                 0.000 NATI    636518102     37.4600        63,000.00      1,768,618.79      2,359,980.00
NETWORKS ASSOCIATES INC.                   0.000 NETA    640938106     25.8500       280,500.00      2,526,295.02      7,250,925.00
NEUBERGER BERMAN INC                       0.683 NEU     641234109     43.9000       137,000.00      6,032,463.61      6,014,300.00
NORDSON CORP                               2.120 NDSN    655663102     26.4100        61,600.00      1,656,751.64      1,626,855.99
NORTH FORK BANK                            2.625 NFB     659424105     31.9900       260,400.00      6,022,481.20      8,330,195.99
OUTBACK STEAKHOUSE INC                     0.000 OSI     689899102     34.2500       128,500.00      3,860,858.92      4,401,125.00
OXFORD HEALTH PLANS                        0.000 OHP     691471106     30.1400       142,400.00      3,415,632.07      4,291,935.98
PAPA JOHN’S INTERNATIONAL                  0.000 PZZA    698813102     27.4800        12,800.00        357,398.19        351,744.00
PATTERSON DENTAL COMPANY                   0.000 PDCO    703412106     40.9300       114,000.00      2,952,125.08      4,666,019.99
PEREGRINE SYSTEMS INC.                     0.000 PRGN    71366Q101     14.8300        25,500.00        449,110.93        378,165.02
PLANTRONICS INC.                           0.000 PLT     727493108     25.6400        38,600.00        925,178.34        989,704.00
PLEXUS CORP                                0.000 PLXS    729132100     26.5600        76,000.00      2,291,233.90      2,018,560.00
POLYCOM INC.                               0.000 PLCM    73172K104     34.0700       152,600.00      4,180,768.91      5,199,081.98
POWERWAVE TECHNOLOGIES                     0.000 PWAV    739363109     17.2800       162,200.00      2,697,387.49      2,802,816.01
PRICE COMMUNICATIONS CORP                  0.000 PR      741437305     19.0900        55,900.00      1,059,967.28      1,067,131.00
PROTEIN DESIGN LABS INC                    0.000 PDLI    74369L103     32.8000       183,700.00      5,663,368.05      6,025,360.01
PROXIM INC                                 0.000 PROX    744284100      9.9200        44,500.00        518,922.68        441,440.00
QUALCOMM INC                               0.000 QCOM    747525103     50.5000        21,700.00      1,195,132.23      1,095,850.03
QUEST DIAGNOSTICS INC                      0.000 DGX     74834L100     71.7100       191,000.00      9,005,814.27     13,696,610.00
RATIONAL SOFTWARE CORPORATION              0.000 RATL    75409P202     19.5000       390,900.00      7,675,712.05      7,622,550.01
READERS DIGEST ASSOCIATION                 0.866 RDA     755267101     23.0800       148,700.00      5,589,558.60      3,431,996.00
RETEK INC                                  0.000 RETK    76128Q109     29.8700        93,000.00      2,491,444.28      2,777,910.00
REYNOLDS & REYNOLDS CL-A                   1.814 REY     761695105     24.2500        85,300.00      2,099,895.98      2,068,525.00
RF MICRO-DEVICES                           0.000 RFMD    749941100     19.2300       341,700.00      7,443,043.27      6,570,891.00
RIVERSTONE NETWORKS INC                    0.000 RSTN    769320102     16.6000        44,100.00        738,664.97        732,059.99
ROLLINS INC                                1.000 ROL     775711104     20.0000        18,300.00        373,202.26        366,000.00
ROSLYN BANCORP INC                         2.685 RSLN    778162107     17.5000       115,400.00      1,861,574.60      2,019,500.01
ROSS STORES INC                            0.529 ROST    778296103     32.0800       133,500.00      3,455,706.98      4,282,680.00
SCHOLASTIC CORP                            0.000 SCHL    807066105     50.3300        56,300.00      2,231,599.19      2,833,579.00
SEI INVESTMENTS CO                         0.110 SEIC    784117103     45.1100       205,800.00      3,904,302.29      9,283,638.00
SEMTECH CORPORATION                        0.000 SMTC    816850101     35.6900       128,400.00      4,215,809.42      4,582,596.00
SEPRACOR INC.                              0.000 SEPR    817315104     57.0600       156,600.00      8,412,886.10      8,935,595.98
SMITHFIELD FOODS INC                       0.000 SFD     832248108     22.0400       203,700.00      4,108,765.49      4,489,548.00
SMUCKER J M                                1.808 SJM     832696306Q    35.3800        23,800.00        612,546.70        842,044.00
SOLUTIA INC.                               0.285 SOI     834376105     14.0200       271,300.00      3,837,102.66      3,803,626.00
SONOCO PRODUCTS CO                         3.009 SON     835495102     26.5800       174,500.00      4,760,682.61      4,638,210.00
SOTHEBY’S HOLDINGS CL-A                    0.000 BID     835898107     16.6100       134,200.00      2,344,496.64      2,229,062.00
SPX CORP.                                  0.000 SPW     784635104Q   136.9000        76,500.00      8,063,923.86     10,472,850.00
STERIS CORP                                0.000 STE     859152100Q    18.2700       126,600.00      2,975,706.66      2,312,982.00

Instrument - COM       COMMON STOCK

STMICROELECTRONICS NV-NY SHS               0.094 STM     861012102     31.6700        23,600.00        657,424.60        747,411.99
STORAGE TECHNOLOGY CORP                    0.000 STK     862111200     20.6700        17,700.00        381,911.58        365,859.00
SUN MICROSYSTEMS INC.                      0.000 SUNW    866810104     12.3000        30,400.00        317,049.29        373,919.98
SUNGARD DATA SYSTEMS                       0.000 SDS     867363103     28.9300       535,800.00     11,046,502.37     15,500,694.00
SYMANTEC CORP                              0.000 SYMC    871503108     66.3300       138,200.00      6,357,263.02      9,166,806.00
SYNOPSYS INC.                              0.000 SNPS    871607107     59.0700       114,800.00      5,793,653.45      6,781,236.00
TCF FINANCIAL CORP                         2.084 TCB     872275102     47.9800       116,400.00      3,067,245.99      5,584,872.00
TIMBERLAND CO CL-A                         0.000 TBL     887100105     37.0800        81,200.00      2,257,460.54      3,010,896.00
TITAN CORP                                 0.000 TTN     888266103     24.9500       111,900.00      2,400,744.48      2,791,905.01
TOOTSIE ROLL INDUSTRIES, INC.              0.716 TR      890516107Q    39.0800        63,300.00      2,908,086.77      2,473,764.01
TRIQUENT SEMICONDUCTOR                     0.000 TQNT    89674K103     12.2600       231,500.00      4,854,465.36      2,838,189.99
UCAR INTERNATIONAL INC                     0.000 UCR     90262K109     10.7000       101,800.00      1,073,048.62      1,089,260.00
UNIVERSAL HEALTH SERVICES CL B             0.000 UHS     913903100     42.7800       109,900.00      4,514,872.06      4,701,522.00
VALASSIS COMMUNICATIONS INC                0.000 VCI     918866104     35.6200        76,100.00      2,252,178.86      2,710,682.00
VALSPAR CORP                               1.363 VAL     920355104     39.6000        60,700.00      2,200,794.69      2,403,720.00
VARIAN SEMICONDUCTOR EQUIPMENT             0.000 VSEA    922207105     34.5900        21,100.00        779,530.50        729,849.00
VERITAS SOFTWARE CORPORATION               0.000 VRTS    923436109     44.8300        25,900.00        763,819.92      1,161,097.02
VERTEX PHARMAREUTICALS INC                 0.000 VRTX    92532F100     24.5900       170,500.00      7,009,066.92      4,192,595.00
VISX INC                                   0.000 EYE     92844S105     13.2500        15,000.00        230,300.58        198,749.99
WADDELL & REED FINANCIAL-CL A              1.087 WDR     930059100     32.2000       158,300.00      4,636,448.34      5,097,260.00
WASHINGTON POST CL. B                      1.056 WPO     939640108Q   530.0000        13,200.00      7,228,132.89      6,996,000.00
WATERS CORPORATION                         0.000 WAT     941848103     38.7500        10,000.00        367,843.47        387,499.98
WESTAMERICA BANCORPORATION                 2.122 WABC    957090103     39.5700        53,300.00      1,714,432.00      2,109,081.00
WESTWOOD ONE                               0.000 WON     961815107     30.0500       183,100.00      3,238,294.56      5,502,155.00
WILLIAMS-SONOMA INC                        0.000 WSM     969904101     42.9000       104,000.00      2,539,007.11      4,461,600.00
WILMINGTON TRUST CO, DELAWARE              3.032 WL      971807102Q    63.3100        59,600.00      2,271,518.19      3,773,276.00
WIND RIVER SYSTEMS                         0.000 WIND    973149107     17.9100       141,800.00      4,791,708.86      2,539,638.00
WORLDCOM INC-WORLDCOM GROUP                0.000 WCOM    98157D106     14.0800        52,000.00        756,739.42        732,160.00

Instrument Total           184                                                    22,459,063.12    635,004,831.09    756,168,660.59

Portfolio Total            184                                                    22,459,063.12    635,004,831.09    756,168,660.59

