Instrument:
Residential
AMERICAN CAMPUS COMMUNITIES
7,679,577.13
49.77
10,223,206.00
205,409.00
APARTMENT INVT & MGMT
6,489,996.60
45.45
11,044,577.00
243,005.00
AVALONBAY COMMUNITIES
26,158,911.95
177.15
37,704,252.00
212,838.00
BLUEROCK RESIDENTIAL GROWTH
362,447.34
13.72
417,390.00
30,422.00
CAMDEN PROPERTY TRUST
7,906,580.57
84.07
11,426,963.00
135,922.00
EDUCATION REALTY TRUST INC
3,861,045.38
42.30
4,804,815.00
113,589.00
EQUITY LIFESTYLE PROPERTIES
4,253,153.86
72.10
8,702,182.00
120,696.00
EQUITY RESIDENTIAL PROP
25,556,550.43
64.36
36,062,646.00
560,327.00
ESSEX PROPERTY TRUST INC.
15,317,403.95
232.50
23,717,092.00
102,009.00
MID-AMERICAN APARTMENT
11,112,443.59
97.92
17,240,579.00
176,068.00
MONOGRAM RESIDENTIAL TRUST
2,608,056.41
10.82
2,841,040.00
262,573.00
NEXPOINT RESIDENTIAL
382,949.55
22.34
570,653.00
25,544.00
PREFERRED APARTMENT
498,490.84
14.91
561,138.00
37,635.00
SUN COMMUNITIES INC
5,587,062.62
76.61
7,742,360.00
101,062.00
UDR INC
10,007,510.05
36.48
15,153,062.00
415,380.00
UMH PROPERTIES INC
406,068.37
15.05
597,124.00
39,676.00
Residential  TOTAL
128,188,248.64
188,809,079.00
2,782,155.00
Instrument:
Office / Industrial
ALEXANDRIA REAL ESTATE
9,565,337.91
111.13
13,722,999.00
123,486.00
BOSTON PROPERTIES INC
20,863,000.25
125.78
30,003,687.00
238,541.00
BRANDYWINE REALTY
3,608,591.16
16.51
4,497,704.00
272,423.00
COLUMBIA PROPERTY TRUST INC
4,683,130.17
21.60
4,147,178.00
191,999.00
CORPORATE OFFICE PROPERTY
3,805,064.67
31.22
4,589,371.00
147,001.00
DCT INDUSTRIAL TRUST INC
3,801,174.31
47.88
6,777,079.00
141,543.00
DOUGLAS EMMETT INC
4,880,873.35
36.56
7,985,179.00
218,413.00
DUKE RE CORPORATION
8,309,575.69
26.56
14,648,716.00
551,533.00
EASTERLY GOVERNMENT
998,649.37
20.02
1,094,573.00
54,674.00
EASTGROUP PROPERTY INC
2,815,654.60
73.84
3,776,178.00
51,140.00
EMPIRE STATE REALTY TRUST-A
3,195,766.94
20.19
3,832,324.00
189,813.00
EQUITY COMMONWEALTH
4,505,585.40
30.24
5,941,223.00
196,469.00
FIRST INDUSTRIAL RE
3,263,687.58
28.05
5,096,489.00
181,693.00
Instrument:
Office / Industrial
FIRST POTOMAC REALTY TRUST
1,204,069.60
10.97
986,368.00
89,915.00
FRANKLIN STREET PPTYS CO
1,971,374.09
12.96
1,992,457.00
153,739.00
GLADSTONE COMMERCIAL CORP
652,128.43
20.10
719,982.00
35,820.00
GOVERNMENT PROPERTIES
2,598,445.13
19.07
2,107,312.00
110,533.00
GRAMERCY PROPERTY TRUST
5,374,662.65
9.18
5,985,066.00
651,968.00
HEALTHCARE TRUST OF AMERICA
5,032,920.34
29.11
6,415,291.00
220,381.00
HIGHWOODS PROP INC.
5,859,816.14
51.01
7,948,021.00
155,813.00
HUDSON PACIFIC PROPERTIES
5,252,284.80
34.78
6,744,329.00
193,914.00
KILROY RE CORP
7,047,947.36
73.22
10,498,210.00
143,379.00
LIBERTY PROPERTY TRUST
7,822,006.89
39.50
9,076,231.00
229,778.00
MACK-CALI RE CORP.
2,937,230.81
29.02
4,015,497.00
138,370.00
MONMOUTH REIT  -CL A
1,032,568.66
15.24
1,540,307.00
101,070.00
NEW YORK REIT INC
3,018,458.06
10.12
2,609,786.00
257,884.00
PARAMOUNT GROUP INC
4,452,468.41
15.99
3,710,991.00
232,082.00
PARKWAY INC
2,278,694.39
22.25
1,477,022.00
66,383.00
PHYSICIANS REALTY TRUST
3,401,442.28
18.96
3,971,058.00
209,444.00
PIEDMONT OFFICE REALTY TRUST
4,167,517.58
20.91
4,731,076.00
226,259.00
PROLOGIS INC.
33,023,420.73
52.79
43,017,040.00
814,871.00
PS BUSINESS PARKS INC/CA
2,268,609.68
116.52
3,658,029.00
31,394.00
REXFORD INDUSTRIAL REALTY INC
1,566,159.90
23.19
2,332,775.00
100,594.00
SL GREEN RE CORP
11,978,369.77
107.55
16,944,718.00
157,552.00
STAG INDUSTRIAL INC
2,402,178.09
23.87
2,805,608.00
117,537.00
TERRENO REALTY CORP
1,441,904.47
28.49
2,019,827.00
70,896.00
TIER REIT INC
1,153,728.27
17.39
1,282,582.00
73,754.00
Office / Industrial  TOTAL
192,234,497.93
252,702,283.00
7,142,058.00
Instrument:
Retail
ACADIA RLTY TR
3,406,380.58
32.68
4,073,627.00
124,652.00
AGREE REALTY CORP
1,303,700.74
46.05
1,797,930.00
39,043.00
ALEXANDERS INC
1,099,380.45
426.87
1,348,909.00
3,160.00
BRIXMOR PROPERTY GROUP INC
11,904,249.79
24.42
11,555,471.00
473,197.00
CBL & ASSOC PROP
4,954,213.27
11.50
3,038,265.00
264,197.00
Instrument:
Retail
CEDAR REALTY TRUST INC
748,687.85
6.53
866,244.00
132,656.00
EQUITY ONE INC
3,420,844.70
30.69
4,459,656.00
145,313.00
FEDERAL REALTY INV.
10,548,945.06
142.11
15,863,029.00
111,625.00
FOUR CORNERS PROPERTY
1,847,449.01
20.52
1,896,007.00
92,398.00
GETTY RLTY CORP
762,312.79
25.49
1,003,286.00
39,360.00
GGP INC
14,375,863.13
24.98
19,565,010.00
783,227.00
INDEPENDENCE REALTY TRUST
772,457.60
8.92
814,450.00
91,306.00
KIMCO REALTY CORP
13,277,785.22
25.16
16,628,169.00
660,897.00
KITE REALTY GROUP TRUST
3,148,858.00
23.48
2,997,879.00
127,678.00
MACERICH CO
12,232,658.41
70.84
15,820,768.00
223,331.00
NATIONAL RETAIL PROPERTIES
7,425,102.11
44.20
10,103,369.00
228,583.00
PENNSYLVANIA RI
1,913,156.46
18.96
1,956,198.00
103,175.00
REALTY INCOME CORP
17,075,672.88
57.48
23,026,775.00
400,605.00
REGENCY CENTERS CORP
8,396,239.48
68.95
11,202,789.00
162,477.00
RETAIL OPPORTUNITY
2,516,900.64
21.13
3,574,541.00
169,169.00
RETAIL PROPERTIES OF AMERICA
5,006,397.90
15.33
5,639,095.00
367,847.00
RPT REALTY
1,728,161.45
16.58
2,020,140.00
121,842.00
SAUL CENTERS INC
992,164.92
66.61
1,418,593.00
21,297.00
SIMON PROP GROUP INC.
50,627,593.16
177.67
86,810,273.00
488,604.00
SITE CENTERS CORP
7,419,796.73
15.27
7,375,013.00
482,974.00
SPIRIT REALTY CAPITAL INC.
7,175,416.21
10.86
7,775,988.00
716,021.00
STORE CAPITAL CORP
5,863,797.44
24.71
5,929,856.00
239,978.00
TANGER FACTORY OUTLET
4,219,998.64
35.78
5,332,508.00
149,036.00
TAUBMAN CENTERS INC
5,739,105.31
73.93
6,924,358.00
93,661.00
URBAN EDGE PROPERTIES
2,207,923.40
27.51
3,820,919.00
138,892.00
URSTADT BIDDLE PPTYS
947,474.01
24.11
1,110,916.00
46,077.00
VEREIT INC
17,597,510.54
8.46
12,697,013.00
1,500,829.00
WASHINGTON PRIME GROUP INC
3,357,996.71
10.41
2,978,603.00
286,129.00
WEINGARTEN RE INVST
4,740,601.00
35.79
6,402,688.00
178,896.00
Retail  TOTAL
238,754,795.59
307,828,335.00
9,208,132.00
Instrument:
Diversified
Instrument:
Diversified
AMERICAN ASSETS TRUST INC
1,982,622.43
43.08
2,615,904.00
60,722.00
AMERICAN HOMES 4 RENT-A
6,085,402.48
20.98
7,287,581.00
347,358.49
ARMADA HOFFLER PROPERTIES
598,669.31
14.57
804,322.00
55,204.00
CORECIVIC INC
5,848,117.10
24.46
4,272,844.00
174,687.00
CORESITE REALTY CORP
2,403,210.50
79.37
4,185,736.00
52,737.00
COUSINS PROPERTIES INC
3,330,883.48
8.51
4,519,372.00
531,066.00
CYRUSONE INC.
3,785,325.05
44.73
5,342,909.00
119,448.00
DIGITAL REALTY TRUST INC
14,739,963.68
98.26
24,343,129.00
247,742.00
DUPONT FABROS TECHNOLOGY
3,094,853.98
43.93
5,160,677.00
117,475.00
EPR PROPERTIES
4,711,501.91
71.77
7,038,986.00
98,077.00
EQUINIX INC
28,483,119.77
357.41
39,500,238.00
110,518.00
FOREST CITY REALTY TRUST-A
8,113,138.59
20.84
7,615,290.00
365,417.00
GAMING AND LEISURE
10,529,498.37
30.62
9,766,433.00
318,956.00
GLOBAL NET LEASE INC
2,107,287.45
7.83
2,058,468.00
262,895.00
INVESTORS REAL ESTATE TRUST
1,582,781.25
7.13
1,342,108.00
188,234.00
IRON MTN INC PA
14,090,138.03
32.48
12,112,247.00
372,914.00
LAMAR ADVERTISING CO-A
7,695,642.79
67.24
8,662,193.00
128,825.00
LEXINGTON CORP PPTYS
3,727,058.45
10.80
3,962,282.00
366,878.00
NORTHSTAR REALTY EUROPE C
1,482,644.51
12.57
1,095,186.00
87,127.00
NORTHSTAR REALTY FINANCE
7,845,262.34
15.15
4,257,468.00
281,021.00
ONE LIBERTY PROPERTIES INC
485,641.00
25.12
554,047.00
22,056.00
OUTFRONT MEDIA INC
6,464,108.98
24.87
5,333,396.00
214,451.00
QTS REALTY TRUST INC-CLASS A
2,745,998.51
49.65
3,492,133.00
70,335.00
SELECT INCOME REIT
2,670,675.25
25.20
2,660,263.00
105,566.00
SILVER BAY REALTY TRUST CORP.
971,235.55
17.14
897,862.00
52,384.00
STARWOOD WAYPOINT HOMES
2,015,179.22
28.81
2,182,300.00
75,748.00
THE GEO GROUP INC
4,016,190.47
35.93
4,022,256.00
111,947.00
VORNADO REALTY TRUST
19,582,604.30
104.37
27,499,408.00
263,480.00
WASHINGTON RE INV
3,218,292.58
32.69
3,790,994.00
115,968.00
WHITESTONE REIT-B
619,264.27
14.38
654,103.00
45,487.00
WP CAREY INC
8,818,443.61
59.09
8,300,490.00
140,472.00
Diversified  TOTAL
183,844,755.21
215,330,625.00
5,505,195.49
Instrument:
Health Care
CARE CAPITAL PROPERTIES INC
3,168,941.24
25.00
3,252,800.00
130,112.00
CARETRUST REIT INC.
1,241,814.96
15.32
1,453,991.00
94,908.00
COMMUNITY HEALTHCARE TRUST
365,753.88
23.03
443,120.00
19,241.00
GLOBAL MEDICAL REIT INC
210,136.14
8.92
185,590.00
20,806.00
HCP INC
24,160,362.18
29.72
21,491,156.00
723,121.00
HEALTHCARE RLTY TR
4,627,279.75
30.32
5,462,482.00
180,161.00
LTC PROPERTIES INC
2,314,376.77
46.98
2,865,216.00
60,988.00
MEDEQUITIES REALTY TRUST INC
347,291.32
11.10
360,939.00
32,517.00
MEDICAL PROPERTIES TRUST INC
6,567,569.42
12.30
6,125,043.00
497,971.00
NATIONAL HEALTH INVESTORS INC
3,099,710.69
74.17
4,228,061.00
57,005.00
NEW SENIOR INVESTMENT GROUP
1,989,951.73
9.79
1,200,029.00
122,577.00
OMEGA HEALTHCARE INV
8,585,670.12
31.26
8,368,490.00
267,706.00
QUALITY CARE PROPERTIES
1,851,617.79
15.50
2,241,672.00
144,624.00
SABRA HEALTHCARE REIT INC
2,659,320.98
24.42
2,473,282.00
101,281.00
SENIOR HOUSING PROP TRUST
7,681,086.05
18.93
6,987,915.00
369,145.00
UNIVERSAL HEALTH RLT
941,273.45
65.59
1,385,917.00
21,130.00
VENTAS INC.
24,528,087.66
62.52
34,425,075.00
550,625.00
WELLTOWER INC
31,204,005.21
66.93
37,729,847.00
563,721.00
Health Care  TOTAL
125,544,249.34
140,680,625.00
3,957,639.00
Instrument:
Storage
CUBESMART
4,401,451.96
26.77
7,494,315.00
279,952.00
EXTRA SPACE STORAGE INC
6,780,958.83
77.24
14,135,770.00
183,011.00
LIFE STORAGE INC
5,564,072.03
85.26
6,150,997.00
72,144.00
NATIONAL STORAGE AFFILIATES
1,174,232.96
22.07
1,441,237.00
65,303.00
PUBLIC STORAGE INC
26,392,594.68
223.50
50,398,579.00
225,497.00
Storage  TOTAL
44,313,310.46
79,620,898.00
825,907.00
Instrument:
Hotels
APPLE HOSPITALITY REIT INC
6,296,933.56
19.98
6,592,481.00
329,954.00
ASHFORD HOSPITALITY TRUST INC
1,171,543.36
7.76
1,105,955.00
142,520.00
BRAEMAR HOTELS & RESORTS INC
636,880.50
13.65
533,415.00
39,078.00
CHATHAM LODGING TRUST
1,223,627.21
20.55
1,173,590.00
57,109.00
Instrument:
Hotels
CHESAPEAKE LODGING TRUST
2,003,420.63
25.86
2,398,644.00
92,755.00
DIAMONDROCK HOSPITALITY
3,118,050.69
11.53
3,598,478.00
312,097.00
FELCOR LODGING TRUST
1,971,419.63
8.01
1,731,386.00
216,153.00
HERSHA HOSPITALITY TRUST
1,125,381.86
21.50
1,188,971.00
55,301.00
HOSPITALITY PROPERTIES
6,555,073.05
31.74
8,107,412.00
255,432.00
HOST HOTELS & RESORTS INC
19,766,664.24
18.84
21,892,890.00
1,162,043.00
LASALLE HOTEL PROPERTIES
4,576,330.32
30.47
5,344,804.00
175,412.00
PEBBLEBROOK HOTEL TRUST
3,623,939.28
29.75
3,323,997.00
111,731.00
RLJ LODGING TRUST
4,168,636.17
24.49
4,733,378.00
193,278.00
RYMAN HOSPITALITY PROPERTIES
3,424,163.29
63.01
4,770,676.00
75,713.00
SUMMIT HOTEL PROPERTIES INC
1,221,274.00
16.03
2,072,102.00
129,264.00
SUNSTONE HOTEL INVESTORS INC
3,886,650.48
15.25
5,134,858.00
336,712.00
XENIA HOTELS & RESORTS INC
4,044,573.98
19.42
3,259,977.00
167,867.00
Hotels  TOTAL
68,814,562.25
76,963,014.00
3,852,419.00
Instrument:
Specialty
AMERICAN FARMLAND CO
67,527.71
7.97
75,356.00
9,455.00
FARMLAND PARTNERS INC
286,681.15
11.16
298,095.00
26,711.00
GLADSTONE LAND CORP
119,164.50
11.24
122,651.00
10,912.00
Specialty  TOTAL
473,373.36
496,102.00
47,078.00
REITS TOTAL
982,167,792.78
1,262,430,961.00
33,320,583.49