Instrument:
COMMERCIAL PAPER (DISCOUNT)
CP
TREASURY BILL
999,636.05
2/2/2017
999,636.05
0.417
1,000,000.00
TREASURY BILL
141,888,182.25
3/2/2017
141,888,182.25
0.462
142,000,000.00
TREASURY BILL
8,985,981.61
4/27/2017
8,985,981.61
0.496
9,000,000.00
TREASURY BILL
177,583,258.01
5/25/2017
177,583,258.01
0.596
178,000,000.00
TREASURY BILL
4,997,741.03
2/9/2017
4,997,741.03
0.424
5,000,000.00
TREASURY BILL
3,997,814.43
2/16/2017
3,997,814.43
0.438
4,000,000.00
TREASURY BILL
125,918,610.28
2/23/2017
125,918,610.28
0.443
126,000,000.00
TREASURY BILL
174,839,272.72
3/9/2017
174,839,272.72
0.477
175,000,000.00
TREASURY BILL
80,927,333.63
3/16/2017
80,927,333.63
0.438
81,000,000.00
TREASURY BILL
170,842,977.15
3/23/2017
170,842,977.15
0.405
171,000,000.00
TREASURY BILL
49,933,930.03
4/6/2017
49,933,930.03
0.465
50,000,000.00
TREASURY BILL
27,965,501.04
4/13/2017
27,965,501.04
0.434
28,000,000.00
TREASURY BILL
56,915,312.01
4/20/2017
56,915,312.01
0.456
57,000,000.00
TREASURY BILL
44,911,597.04
5/4/2017
44,911,597.04
0.559
45,000,000.00
TREASURY BILL
108,772,886.97
5/11/2017
108,772,886.97
0.578
109,000,000.00
TREASURY BILL
185,593,904.39
5/18/2017
185,593,904.39
0.576
186,000,000.00
TREASURY BILL
235,414,623.05
6/1/2017
235,414,623.05
0.595
236,000,000.00
TREASURY BILL
83,778,019.08
6/8/2017
83,778,019.08
0.603
84,000,000.00
COMMERCIAL PAPER (DISCOUNT)  TOTAL
1,684,266,580.77
1,684,266,580.77
1,687,000,000.00
Instrument:
U S TREASURIES
TSY
US TREASURY FRN
2,001,863.51
1/31/2018
0.6073
2,008,283.63
0.560
2,000,000.00
US TREASURY FRN
10,001,343.78
4/30/2018
0.4402
10,029,705.92
0.606
10,000,000.00
US TREASURY N/B
4,999,868.69
4/30/2017
0.5000
5,002,881.77
0.585
5,000,000.00
US TREASURY N/B
3,001,944.73
2/28/2017
0.8750
3,010,419.20
0.561
3,000,000.00
US TREASURY N/B
4,999,848.91
5/31/2017
0.6250
5,002,997.25
0.613
5,000,000.00
U S TREASURIES  TOTAL
25,004,869.62
25,054,287.77
25,000,000.00