Instrument:
Residential
AMERICAN CAMPUS COMMUNITIES
6,672,955.98
41.03
7,272,321.00
177,244.00
APARTMENT INVT & MGMT
5,544,728.54
43.71
8,884,276.00
203,255.00
AVALONBAY COMMUNITIES
22,409,641.87
178.41
32,019,421.00
179,471.00
BLUEROCK RESIDENTIAL GROWTH
352,857.28
10.11
300,469.00
29,720.00
CAMDEN PROPERTY TRUST
7,229,915.24
92.06
10,892,815.00
118,323.00
CLIPPER REALTY INC
258,696.76
9.99
203,606.00
20,381.00
EDUCATION REALTY TRUST INC
3,362,867.47
34.92
3,439,690.00
98,502.00
EQUITY LIFESTYLE PROPERTIES
3,931,036.27
89.02
9,429,176.00
105,922.00
EQUITY RESIDENTIAL PROP
21,505,784.86
63.77
29,633,409.00
464,692.00
ESSEX PROPERTY TRUST INC.
13,069,372.25
241.37
20,553,621.00
85,154.00
FRONT YARD RESIDENTIAL CORP
813,360.72
11.86
761,602.00
64,216.00
INVITATION HOMES INC
7,712,973.95
23.57
8,993,982.00
381,586.00
MID-AMERICAN APARTMENT
9,512,711.71
100.56
14,842,857.00
147,602.00
NEXPOINT RESIDENTIAL
342,584.33
27.94
622,336.00
22,274.00
PREFERRED APARTMENT
695,261.69
20.25
955,577.00
47,189.00
SUN COMMUNITIES INC
5,829,331.32
92.78
9,177,055.00
98,912.00
UDR INC
8,504,024.57
38.52
13,314,631.00
345,655.00
UMH PROPERTIES INC
436,214.74
14.90
599,561.00
40,239.00
Residential  TOTAL
118,184,319.55
171,896,405.00
2,630,337.00
Instrument:
Office / Industrial
ALEXANDRIA REAL ESTATE
10,400,208.30
130.59
16,095,087.00
123,249.00
BOSTON PROPERTIES INC
17,837,362.47
130.03
26,101,572.00
200,735.00
BRANDYWINE REALTY
3,016,997.66
18.19
4,089,239.00
224,807.00
CITY OFFICE REIT INC
503,040.10
13.01
497,685.00
38,254.00
COLUMBIA PROPERTY TRUST INC
3,800,095.10
22.95
3,577,882.00
155,899.00
CORPORATE OFFICE PROPERTY
3,373,668.77
29.20
3,784,554.00
129,608.00
DCT INDUSTRIAL TRUST INC
3,442,507.93
58.78
7,140,830.00
121,484.00
DOUGLAS EMMETT INC
5,091,691.30
41.06
8,506,606.00
207,175.00
DUKE RE CORPORATION
7,174,894.35
27.21
12,601,305.00
463,113.00
EASTERLY GOVERNMENT
1,028,184.05
21.34
1,164,823.00
54,584.00
EASTGROUP PROPERTY INC
2,445,925.63
88.38
3,843,911.00
43,493.00
Instrument:
Office / Industrial
EMPIRE STATE REALTY TRUST-A
2,850,059.90
20.53
3,440,151.00
167,567.00
EQUITY COMMONWEALTH
3,636,734.24
30.51
4,784,548.00
156,819.00
FIRST INDUSTRIAL RE
2,839,171.71
31.47
4,846,286.00
153,997.00
FRANKLIN STREET PPTYS CO
1,725,046.97
10.74
1,452,896.00
135,279.00
GLADSTONE COMMERCIAL CORP
656,151.81
21.06
744,239.00
35,339.00
GOVERNMENT PROPERTIES
2,681,064.71
18.54
2,268,870.00
122,377.00
GRAMERCY PROPERTY TRUST
5,178,819.42
26.66
5,523,579.00
207,186.00
HEALTHCARE TRUST OF AMERICA
6,707,662.36
30.04
7,927,316.00
263,892.00
HIGHWOODS PROP INC.
5,041,997.88
50.91
6,740,637.00
132,403.00
HUDSON PACIFIC PROPERTIES
5,830,906.69
34.25
6,964,292.00
203,337.00
KILROY RE CORP
6,380,716.71
74.65
9,377,160.00
125,615.00
LIBERTY PROPERTY TRUST
6,584,432.82
43.01
8,238,393.00
191,546.00
MACK-CALI RE CORP.
2,490,943.47
21.56
2,526,832.00
117,200.00
MONMOUTH REIT  -CL A
988,059.63
17.80
1,637,493.00
91,994.00
PARAMOUNT GROUP INC
4,950,807.00
15.85
4,246,706.00
267,931.00
PHYSICIANS REALTY TRUST
3,987,407.91
17.99
4,192,462.00
233,044.00
PIEDMONT OFFICE REALTY TRUST
3,484,829.68
19.61
3,698,132.00
188,584.00
PROLOGIS INC.
28,433,170.87
64.51
44,330,949.00
687,195.00
PS BUSINESS PARKS INC/CA
1,897,143.45
125.09
3,200,803.00
25,588.00
REXFORD INDUSTRIAL REALTY INC
1,784,538.73
29.16
2,917,808.00
100,062.00
SL GREEN RE CORP
9,665,692.85
100.93
12,680,139.00
125,633.00
STAG INDUSTRIAL INC
2,637,561.12
27.33
3,351,478.00
122,630.00
TERRENO REALTY CORP
1,518,494.77
35.06
2,426,257.00
69,203.00
TIER REIT INC
974,352.55
20.39
1,258,593.00
61,726.00
Office / Industrial  TOTAL
171,040,342.91
236,179,513.00
5,748,548.00
Instrument:
Retail
ACADIA RLTY TR
2,935,654.19
27.36
2,937,205.00
107,354.00
AGREE REALTY CORP
1,296,645.77
51.44
1,884,710.00
36,639.00
ALEXANDERS INC
963,410.63
395.85
1,090,963.00
2,756.00
BRIXMOR PROPERTY GROUP INC
9,908,458.33
18.66
7,417,872.00
397,528.00
CBL & ASSOC PROP
3,996,477.67
5.66
1,234,995.00
218,197.00
Instrument:
Retail
CEDAR REALTY TRUST INC
648,741.83
6.08
693,825.00
114,116.00
FEDERAL REALTY INV.
8,972,197.85
132.81
12,444,297.00
93,700.00
FOUR CORNERS PROPERTY
1,614,035.49
25.70
2,051,837.00
79,838.00
GETTY RLTY CORP
822,265.95
27.16
1,087,649.00
40,046.00
GGP INC
15,403,879.48
23.39
18,779,784.00
802,898.00
INDEPENDENCE REALTY TRUST
963,511.77
10.09
1,095,259.00
108,549.00
KIMCO REALTY CORP
10,778,130.44
18.15
9,762,667.00
537,888.00
KITE REALTY GROUP TRUST
2,626,636.42
19.60
2,100,846.00
107,186.00
MACERICH CO
9,822,343.47
65.68
11,701,614.00
178,161.00
NATIONAL RETAIL PROPERTIES
6,519,272.95
43.13
8,509,118.00
197,290.00
PENNSYLVANIA RI
1,621,721.60
11.89
1,053,573.00
88,610.00
REALTY INCOME CORP
15,999,281.87
57.02
20,942,078.00
367,276.00
REGENCY CENTERS CORP
10,203,464.43
69.18
13,436,209.00
194,221.00
RETAIL OPPORTUNITY
2,108,977.05
19.95
2,796,411.00
140,171.00
RETAIL PROPERTIES OF AMERICA
4,023,212.21
13.44
3,974,396.00
295,714.00
RPT REALTY
1,444,968.30
14.73
1,498,601.00
101,738.00
SAUL CENTERS INC
696,481.15
61.75
906,737.00
14,684.00
SIMON PROP GROUP INC.
42,874,074.29
171.74
69,623,224.00
405,399.00
SITE CENTERS CORP
6,098,625.92
8.96
3,607,484.00
402,621.00
SPIRIT REALTY CAPITAL INC.
5,946,872.67
8.58
5,091,604.00
593,427.00
STORE CAPITAL CORP
5,420,563.93
26.04
5,781,375.00
222,019.00
TANGER FACTORY OUTLET
3,386,706.22
26.51
3,178,469.00
119,897.00
TAUBMAN CENTERS INC
4,711,249.21
65.43
5,024,828.00
76,797.00
URBAN EDGE PROPERTIES
2,250,100.99
25.49
3,411,607.00
133,841.00
URSTADT BIDDLE PPTYS
789,127.35
21.74
831,033.00
38,226.00
VEREIT INC
14,759,784.92
7.79
9,912,502.00
1,272,465.00
WASHINGTON PRIME GROUP INC
2,795,782.22
7.12
1,718,932.00
241,423.00
WEINGARTEN RE INVST
4,177,180.53
32.87
5,136,792.00
156,276.00
Retail  TOTAL
206,579,837.10
240,718,496.00
7,886,951.00
Instrument:
Diversified
AMERICAN ASSETS TRUST INC
1,718,142.73
38.24
1,998,690.00
52,267.00
Instrument:
Diversified
AMERICAN HOMES 4 RENT-A
5,617,902.89
21.84
6,871,224.00
314,616.49
ARMADA HOFFLER PROPERTIES
658,097.89
15.53
898,907.00
57,882.00
COLONY CAPITAL INC
9,973,781.29
11.41
7,921,666.00
694,274.00
CORECIVIC INC
5,075,185.38
22.50
3,449,993.00
153,333.00
CORESITE REALTY CORP
2,118,607.15
113.90
5,028,457.00
44,148.00
COUSINS PROPERTIES INC
3,616,194.06
9.25
5,006,137.00
541,204.00
CYRUSONE INC.
4,074,482.94
59.53
6,989,298.00
117,408.00
DIGITAL REALTY TRUST INC
15,722,972.40
113.90
30,313,915.00
266,145.00
EPR PROPERTIES
3,977,417.17
65.46
5,348,475.00
81,706.00
EQUINIX INC
27,001,476.33
453.22
45,908,467.00
101,294.00
FOREST CITY REALTY TRUST-A
7,044,222.77
24.10
7,620,107.00
316,187.00
GAMING AND LEISURE
8,659,016.53
37.00
9,675,278.00
261,494.00
GLOBAL NET LEASE INC
2,090,004.97
20.58
1,805,525.00
87,732.00
INVESTORS REAL ESTATE TRUST
1,298,288.52
5.68
886,370.00
156,051.00
IRON MTN INC PA
13,607,167.35
37.73
13,605,249.00
360,595.00
JBG SMITH PROPERTIES
3,219,476.59
34.73
3,891,462.00
112,049.00
LAMAR ADVERTISING CO-A
6,504,748.43
74.24
8,007,898.00
107,865.00
LEXINGTON CORP PPTYS
3,092,275.26
9.65
2,938,821.00
304,541.00
NORTHSTAR REALTY EUROPE C
1,191,923.75
13.43
946,251.00
70,458.00
ONE LIBERTY PROPERTIES INC
413,160.63
25.92
482,734.00
18,624.00
OUTFRONT MEDIA INC
5,391,736.17
23.20
4,181,336.00
180,230.00
QTS REALTY TRUST INC-CLASS A
2,558,185.96
54.16
3,457,087.00
63,831.00
SAFETY INCOME AND GROWTH
259,782.37
17.60
238,040.00
13,525.00
SELECT INCOME REIT
2,074,850.60
25.13
2,059,931.00
81,971.00
THE GEO GROUP INC
3,827,395.96
23.60
3,739,149.00
158,438.50
VORNADO REALTY TRUST
13,593,399.72
78.18
17,520,060.00
224,099.00
WASHINGTON RE INV
2,860,510.51
31.12
3,177,850.00
102,116.00
WHITESTONE REIT-B
643,324.09
14.41
694,634.00
48,205.00
WP CAREY INC
8,714,888.98
68.90
9,466,998.00
137,402.00
Diversified  TOTAL
166,598,619.39
214,130,009.00
5,229,690.99
Instrument:
Health Care
Instrument:
Health Care
CARETRUST REIT INC.
1,333,346.62
16.76
1,635,776.00
97,600.00
COMMUNITY HEALTHCARE TRUST
473,559.79
28.10
625,478.00
22,259.00
GLOBAL MEDICAL REIT INC
232,512.40
8.20
192,823.00
23,515.00
HCP INC
20,306,906.77
26.08
15,955,196.00
611,779.00
HEALTHCARE RLTY TR
4,166,110.08
32.12
5,100,977.00
158,810.00
LTC PROPERTIES INC
1,947,715.65
43.55
2,218,263.00
50,936.00
MEDEQUITIES REALTY TRUST INC
409,122.68
11.22
416,139.00
37,089.00
MEDICAL PROPERTIES TRUST INC
6,222,687.21
13.78
6,494,390.00
471,291.00
NATIONAL HEALTH INVESTORS INC
2,897,151.24
75.38
3,928,278.00
52,113.00
NEW SENIOR INVESTMENT GROUP
1,695,230.58
7.56
803,212.00
106,245.00
OMEGA HEALTHCARE INV
8,101,576.82
27.54
6,976,350.00
253,317.00
QUALITY CARE PROPERTIES
1,574,565.85
13.81
1,689,805.00
122,361.00
SABRA HEALTHCARE REIT INC
5,330,495.11
18.77
4,310,343.00
229,640.00
SENIOR HOUSING PROP TRUST
6,364,650.94
19.15
5,867,139.00
306,378.00
UNIVERSAL HEALTH RLT
748,814.58
75.11
1,232,630.00
16,411.00
VENTAS INC.
20,895,629.91
60.01
27,739,743.00
462,252.00
WELLTOWER INC
26,636,305.67
63.77
30,472,941.00
477,857.00
Health Care  TOTAL
109,336,381.90
115,659,483.00
3,499,853.00
Instrument:
Storage
CUBESMART
3,791,530.16
28.92
6,777,344.00
234,348.00
EXTRA SPACE STORAGE INC
6,140,941.66
87.45
13,863,361.00
158,529.00
LIFE STORAGE INC
4,624,229.58
89.07
5,310,175.00
59,618.00
NATIONAL STORAGE AFFILIATES
1,047,713.45
27.26
1,563,197.00
57,344.00
PUBLIC STORAGE INC
23,184,592.10
209.00
40,314,846.00
192,894.00
Storage  TOTAL
38,789,006.95
67,828,923.00
702,733.00
Instrument:
Hotels
APPLE HOSPITALITY REIT INC
5,223,588.34
19.61
5,359,942.00
273,327.00
ASHFORD HOSPITALITY TRUST INC
813,226.04
6.73
669,601.00
99,495.00
BRAEMAR HOTELS & RESORTS INC
519,682.25
9.73
333,914.00
34,318.00
CHATHAM LODGING TRUST
1,254,559.55
22.76
1,315,596.00
57,803.00
CHESAPEAKE LODGING TRUST
1,670,936.77
27.09
2,074,308.00
76,571.00
Instrument:
Hotels
DIAMONDROCK HOSPITALITY
2,599,628.85
11.29
2,922,913.00
258,894.00
HERSHA HOSPITALITY TRUST
1,017,222.84
17.40
873,689.00
50,212.00
HOSPITALITY PROPERTIES
5,457,755.90
29.85
6,307,753.00
211,315.00
HOST HOTELS & RESORTS INC
16,281,245.88
19.85
18,881,995.00
951,234.00
LASALLE HOTEL PROPERTIES
3,856,136.72
28.07
4,135,722.00
147,336.00
PARK HOTELS & RESORTS INC
5,210,279.05
28.75
5,381,138.00
187,170.00
PEBBLEBROOK HOTEL TRUST
2,908,432.35
37.17
3,312,962.00
89,130.00
RLJ LODGING TRUST
4,952,145.89
21.97
4,824,810.00
219,609.00
RYMAN HOSPITALITY PROPERTIES
2,634,042.65
69.02
3,950,222.00
57,233.00
SUMMIT HOTEL PROPERTIES INC
1,472,221.78
15.23
2,043,653.00
134,186.00
SUNSTONE HOTEL INVESTORS INC
3,426,103.91
16.53
4,828,562.00
292,109.00
XENIA HOTELS & RESORTS INC
3,348,526.78
21.59
3,007,919.00
139,320.00
Hotels  TOTAL
62,645,735.55
70,224,699.00
3,279,262.00
Instrument:
Specialty
FARMLAND PARTNERS INC
440,749.73
8.68
356,809.00
41,107.00
GLADSTONE LAND CORP
148,513.24
13.43
176,739.00
13,160.00
Specialty  TOTAL
589,262.97
533,548.00
54,267.00
REITS TOTAL
873,763,506.32
1,117,171,076.00
29,031,641.99