Instrument:
Residential
AMERICAN CAMPUS COMMUNITIES
8,580,587.37
32.21
7,891,450.00
245,000.00
APARTMENT INVT & MGMT
6,794,412.24
25.91
7,254,800.00
280,000.00
ASSOCIATED ESTATES REALTY
1,692,414.96
16.05
1,524,750.00
95,000.00
AVALONBAY COMMUNITIES
28,054,053.54
118.23
29,793,960.00
252,000.00
BRE PROPERTIES INC
6,259,664.64
54.71
7,440,560.00
136,000.00
CAMDEN PROPERTY TRUST
8,853,359.24
56.88
9,214,560.00
162,000.00
CAMPUS CREST COMMUNITIES
265,416.66
9.41
235,250.00
25,000.00
EDUCATION REALTY TRUST INC
2,940,771.38
8.82
2,522,520.00
286,000.00
EQUITY LIFESTYLE PROPERTIES
6,997,337.53
36.23
8,332,900.00
230,000.00
EQUITY RESIDENTIAL PROP
31,724,891.55
51.87
40,199,250.00
775,000.00
ESSEX PROPERTY TRUST INC.
9,346,923.42
143.51
9,758,680.00
68,000.00
HOME PROPERTIES OF NY INC.
5,743,810.64
53.62
5,362,000.00
100,000.00
MID-AMERICAN APARTMENT
8,353,850.68
60.74
8,503,600.00
140,000.00
POST PROPERTIES INC.
5,304,731.71
45.23
5,698,980.00
126,000.00
SUN COMMUNITIES INC
1,416,995.38
42.64
1,279,200.00
30,000.00
UDR INC
8,770,820.29
23.35
9,340,000.00
400,000.00
UMH PROPERTIES INC
47,560.35
9.42
47,100.00
5,000.00
Residential  TOTAL
141,147,601.58
154,399,560.00
3,355,000.00
Instrument:
Office / Industrial
ALEXANDRIA REAL ESTATE
11,112,098.87
63.62
9,861,100.00
155,000.00
BIOMED REALTY TRUST
7,472,164.28
18.12
7,066,800.00
390,000.00
BOSTON PROPERTIES INC
23,555,659.04
100.37
29,609,150.00
295,000.00
BRANDYWINE REALTY
3,098,538.21
14.09
3,522,500.00
250,000.00
COLUMBIA PROPERTY TRUST INC
5,625,601.00
25.00
5,750,000.00
230,000.00
CORPORATE OFFICE PROPERTY
4,115,822.09
23.69
3,790,400.00
160,000.00
DCT INDUSTRIAL TRUST INC
3,682,139.09
7.13
4,278,000.00
600,000.00
DOUGLAS EMMETT INC
4,892,688.78
23.29
5,589,600.00
240,000.00
DUKE RE CORPORATION
7,853,770.02
15.04
8,723,200.00
580,000.00
EASTGROUP PROPERTY INC
2,918,951.66
57.93
3,186,150.00
55,000.00
EMPIRE STATE REALTY TRUST-A
2,164,384.90
15.30
2,187,900.00
143,000.00
EQUITY COMMONWEALTH
3,939,556.45
23.31
4,312,350.00
185,000.00
Instrument:
Office / Industrial
FIRST INDUSTRIAL RE
1,304,165.59
17.45
1,483,250.00
85,000.00
FIRST POTOMAC REALTY TRUST
1,077,418.55
11.63
872,250.00
75,000.00
FRANKLIN STREET PPTYS CO
1,411,677.51
11.95
1,254,750.00
105,000.00
GLADSTONE COMMERCIAL CORP
656,458.19
17.97
628,950.00
35,000.00
GOVERNMENT PROPERTIES
864,539.13
24.85
869,750.00
35,000.00
GRAMERCY PROPERTY TRUST
3,382,575.85
7.65
2,907,000.00
380,000.00
HEALTHCARE TRUST OF AMERICA
735,269.49
9.84
688,800.00
70,000.00
HIGHWOODS PROP INC.
4,565,311.26
36.17
4,702,100.00
130,000.00
HUDSON PACIFIC PROPERTIES
833,551.92
21.87
1,093,500.00
50,000.00
KILROY RE CORP
7,447,247.33
50.18
8,530,600.00
170,000.00
LIBERTY PROPERTY TRUST
9,447,012.04
33.87
9,483,600.00
280,000.00
MACK-CALI RE CORP.
2,190,865.11
21.48
2,148,000.00
100,000.00
MONMOUTH REIT  -CL A
629,426.51
9.09
572,670.00
63,000.00
PARKWAY PROPERTYS INC
1,459,018.10
19.29
1,736,100.00
90,000.00
PHYSICIANS REALTY TRUST
240,131.00
12.74
254,800.00
20,000.00
PIEDMONT OFFICE REALTY TRUST
4,994,219.47
16.52
4,460,400.00
270,000.00
PROLOGIS INC.
38,271,839.34
36.95
35,287,250.00
955,000.00
PS BUSINESS PARKS INC/CA
3,485,318.49
76.42
3,821,000.00
50,000.00
REXFORD INDUSTRIAL REALTY INC
408,166.83
13.20
396,000.00
30,000.00
SL GREEN RE CORP
12,203,022.74
92.38
16,628,400.00
180,000.00
STAG INDUSTRIAL INC
1,467,754.03
20.39
1,631,200.00
80,000.00
TERRENO REALTY CORP
747,337.80
17.70
708,000.00
40,000.00
Office / Industrial  TOTAL
178,253,700.67
188,035,520.00
6,576,000.00
Instrument:
Retail
ACADIA RLTY TR
3,915,986.82
24.83
3,848,650.00
155,000.00
AGREE REALTY CORP
1,324,945.07
29.02
1,305,900.00
45,000.00
ALEXANDERS INC
1,335,517.89
330.00
1,320,000.00
4,000.00
BRIXMOR PROPERTY GROUP INC
1,515,867.00
20.33
1,524,750.00
75,000.00
CBL & ASSOC PROP
5,958,538.90
17.96
5,495,760.00
306,000.00
CEDAR REALTY TRUST INC
1,003,530.63
6.26
1,158,100.00
185,000.00
COLE REAL ESTATE INVESTMENTS
9,620,413.55
14.04
10,810,800.00
770,000.00
Instrument:
Retail
EQUITY ONE INC
2,289,379.78
22.44
2,468,400.00
110,000.00
EXCEL TRUST INC
1,462,104.55
11.39
1,412,360.00
124,000.00
FEDERAL REALTY INV.
11,151,520.45
101.41
13,386,120.00
132,000.00
GGP INC
17,664,456.53
20.07
21,173,850.00
1,055,000.00
GLIMCHER REALTY TRUST
2,572,285.15
9.36
2,377,440.00
254,000.00
INLAND REAL ESTATE CORP
1,483,257.04
10.52
1,578,000.00
150,000.00
KIMCO REALTY CORP
12,242,501.95
19.75
12,837,500.00
650,000.00
KITE REALTY GROUP TRUST
1,512,174.86
6.57
1,839,600.00
280,000.00
MACERICH CO
11,639,739.07
58.89
14,840,280.00
252,000.00
NATIONAL RETAIL PROPERTIES
8,360,980.87
30.33
8,219,430.00
271,000.00
PENNSYLVANIA RI
2,605,074.44
18.98
2,790,060.00
147,000.00
REALTY INCOME CORP
14,195,651.00
37.33
13,065,506.00
350,000.17
REGENCY CENTERS CORP
8,728,394.07
46.30
8,565,500.00
185,000.00
RETAIL OPPORTUNITY
1,572,484.97
14.72
1,766,400.00
120,000.00
RETAIL PROPERTIES OF AMERICA
4,594,813.64
12.72
4,388,400.00
345,000.00
ROUSE PROPERTIES INC
280,335.65
22.19
332,850.00
15,000.00
RPT REALTY
1,568,684.26
15.74
1,857,320.00
118,000.00
SAUL CENTERS INC
753,614.70
47.73
811,410.00
17,000.00
SIMON PROP GROUP INC.
59,331,399.41
152.16
95,860,800.00
630,000.00
SITE CENTERS CORP
9,130,387.26
15.37
9,222,000.00
600,000.00
SPIRIT REALTY CAPITAL INC.
5,812,491.66
9.83
5,996,300.00
610,000.00
TANGER FACTORY OUTLET
5,043,428.19
32.02
5,923,700.00
185,000.00
TAUBMAN CENTERS INC
7,174,649.78
63.92
7,798,240.00
122,000.00
URSTADT BIDDLE PPTYS
253,005.74
18.45
239,850.00
13,000.00
VEREIT INC
5,118,546.14
12.86
4,629,600.00
360,000.00
WEINGARTEN RE INVST
4,097,520.99
27.42
4,661,400.00
170,000.00
Retail  TOTAL
225,313,682.01
273,506,276.00
8,805,000.17
Instrument:
Diversified
AMERICAN ASSETS TRUST INC
1,169,403.15
31.43
1,257,200.00
40,000.00
AMERICAN HOMES 4 RENT-A
807,567.86
16.20
810,000.00
50,000.00
AMERICAN RESIDENTIAL
155,943.24
17.16
154,440.00
9,000.00
Instrument:
Diversified
ARMADA HOFFLER PROPERTIES
522,962.17
9.28
464,000.00
50,000.00
CORECIVIC INC
6,445,691.72
32.07
6,093,300.00
190,000.00
CORESITE REALTY CORP
1,326,075.27
32.19
1,287,600.00
40,000.00
COUSINS PROPERTIES INC
3,253,363.85
10.30
3,296,000.00
320,000.00
CYRUSONE INC.
750,008.90
22.33
803,880.00
36,000.00
DIGITAL REALTY TRUST INC
13,381,506.65
49.12
12,771,200.00
260,000.00
DUPONT FABROS TECHNOLOGY
2,832,292.79
24.71
3,088,750.00
125,000.00
EPR PROPERTIES
4,098,305.90
49.16
4,522,720.00
92,000.00
INVESTORS REAL ESTATE TRUST
1,138,111.96
8.58
1,115,400.00
130,000.00
LEXINGTON CORP PPTYS
4,619,737.86
10.21
4,594,500.00
450,000.00
ONE LIBERTY PROPERTIES INC
123,120.01
20.13
120,780.00
6,000.00
SELECT INCOME REIT
1,462,599.96
26.74
1,497,440.00
56,000.00
SILVER BAY REALTY TRUST CORP.
992,558.55
15.99
783,510.00
49,000.00
THE GEO GROUP INC
4,528,178.20
32.22
4,059,720.00
126,000.00
VORNADO REALTY TRUST
24,481,512.26
88.79
28,412,800.00
320,000.00
WASHINGTON RE INV
3,059,804.80
23.36
2,569,600.00
110,000.00
WHITESTONE REIT-B
446,820.00
13.37
441,210.00
33,000.00
WINTHROP REALTY TRUST
1,367,597.03
11.05
1,270,750.00
115,000.00
WP CAREY INC
6,987,916.43
61.35
6,748,500.00
110,000.00
Diversified  TOTAL
83,951,078.56
86,163,300.00
2,717,000.00
Instrument:
Health Care
AVIV REIT INC
899,588.99
23.70
876,900.00
37,000.00
HCP INC
32,570,751.43
36.32
32,942,240.00
907,000.00
HEALTHCARE RLTY TR
4,741,098.74
21.31
4,048,900.00
190,000.00
LTC PROPERTIES INC
2,362,198.18
35.39
2,300,350.00
65,000.00
MEDICAL PROPERTIES TRUST INC
4,842,373.99
12.22
4,643,600.00
380,000.00
NATIONAL HEALTH INVESTORS INC
2,255,205.02
56.10
2,580,600.00
46,000.00
OMEGA HEALTHCARE INV
5,192,877.88
29.80
5,006,400.00
168,000.00
SABRA HEALTHCARE REIT INC
2,518,966.83
26.14
2,483,300.00
95,000.00
SENIOR HOUSING PROP TRUST
7,257,411.62
22.23
7,558,200.00
340,000.00
UNIVERSAL HEALTH RLT
434,287.83
40.06
400,600.00
10,000.00
Instrument:
Health Care
VENTAS INC.
25,827,018.19
57.28
32,936,000.00
575,000.00
WELLTOWER INC
29,388,264.52
53.57
29,999,200.00
560,000.00
Health Care  TOTAL
118,290,043.22
125,776,290.00
3,373,000.00
Instrument:
Storage
CUBESMART
3,440,287.01
15.94
4,303,800.00
270,000.00
EXTRA SPACE STORAGE INC
6,642,660.55
42.13
9,984,810.00
237,000.00
LIFE STORAGE INC
3,770,073.97
65.17
3,714,690.00
57,000.00
PUBLIC STORAGE INC
27,256,495.41
150.52
40,941,440.00
272,000.00
Storage  TOTAL
41,109,516.94
58,944,740.00
836,000.00
Instrument:
Hotels
ASHFORD HOSPITALITY TRUST INC
781,288.47
8.28
778,320.00
94,000.00
BRAEMAR HOTELS & RESORTS INC
384,366.66
18.20
345,800.00
19,000.00
CHATHAM LODGING TRUST
661,478.82
20.45
756,650.00
37,000.00
CHESAPEAKE LODGING TRUST
1,532,855.67
25.29
2,149,650.00
85,000.00
DIAMONDROCK HOSPITALITY
4,417,967.95
11.55
5,382,300.00
466,000.00
FELCOR LODGING TRUST
309,174.72
8.16
448,800.00
55,000.00
HERSHA HOSPITALITY TRUST
1,732,188.41
5.57
1,977,350.00
355,000.00
HOSPITALITY PROPERTIES
6,106,292.22
27.03
6,730,470.00
249,000.00
HOST HOTELS & RESORTS INC
24,287,485.90
19.44
28,674,000.00
1,475,000.00
LASALLE HOTEL PROPERTIES
3,543,176.05
30.86
4,783,300.00
155,000.00
PEBBLEBROOK HOTEL TRUST
1,092,380.10
30.76
1,384,200.00
45,000.00
RLJ LODGING TRUST
4,713,675.75
24.32
5,836,800.00
240,000.00
RYMAN HOSPITALITY PROPERTIES
2,752,043.90
41.78
2,715,700.00
65,000.00
STRATEGIC HOTELS & RESORTS
2,160,827.41
9.45
3,354,750.00
355,000.00
SUMMIT HOTEL PROPERTIES INC
923,455.32
9.00
981,000.00
109,000.00
SUNSTONE HOTEL INVESTORS INC
4,457,205.15
13.40
5,829,000.00
435,000.00
Hotels  TOTAL
59,855,862.50
72,128,090.00
4,239,000.00
REITS TOTAL
847,921,485.48
958,953,776.00
29,901,000.17