Instrument:
Residential
AMERICAN CAMPUS COMMUNITIES
6,305,323.39
41.34
7,324,745.00
177,183.00
APARTMENT INVT & MGMT
6,375,405.14
40.03
9,870,037.00
246,566.00
AVALONBAY COMMUNITIES
26,016,304.64
184.13
39,764,162.00
215,957.00
BLUEROCK RESIDENTIAL GROWTH
352,309.11
11.85
352,383.00
29,737.00
CAMDEN PROPERTY TRUST
7,771,072.57
76.76
10,463,539.00
136,315.00
CAMPUS CREST COMMUNITIES
881,748.51
6.80
692,566.00
101,848.00
EDUCATION REALTY TRUST INC
2,776,886.40
37.88
3,311,356.00
87,417.00
EQUITY LIFESTYLE PROPERTIES
4,008,263.75
66.67
8,031,002.00
120,459.00
EQUITY RESIDENTIAL PROP
25,420,523.03
81.59
46,387,097.00
568,539.00
ESSEX PROPERTY TRUST INC.
15,154,539.52
239.41
24,779,653.00
103,503.00
MID-AMERICAN APARTMENT
7,286,563.26
90.81
10,782,053.00
118,732.00
MONOGRAM RESIDENTIAL TRUST
2,636,326.49
9.76
2,600,269.00
266,421.00
NEXPOINT RESIDENTIAL
389,722.66
13.09
344,817.00
26,342.00
POST PROPERTIES INC.
3,745,488.51
59.16
5,058,594.00
85,507.00
PREFERRED APARTMENT
459,281.06
13.08
455,537.00
34,827.00
SUN COMMUNITIES INC
4,573,549.20
68.53
6,050,103.00
88,284.00
UDR INC
9,735,379.03
37.57
15,530,611.00
413,378.00
UMH PROPERTIES INC
375,692.38
10.12
383,852.00
37,930.00
Residential  TOTAL
124,264,378.65
192,182,376.00
2,858,945.00
Instrument:
Office / Industrial
ALEXANDRIA REAL ESTATE
8,421,550.11
90.36
10,308,540.00
114,083.00
BIOMED REALTY TRUST
6,205,167.42
23.69
7,614,108.00
321,406.00
BOSTON PROPERTIES INC
20,734,168.95
127.54
30,869,399.00
242,037.00
BRANDYWINE REALTY
3,628,334.50
13.66
3,775,843.00
276,416.00
COLUMBIA PROPERTY TRUST INC
4,834,775.34
23.48
4,624,386.00
196,950.00
CORPORATE OFFICE PROPERTY
3,829,345.50
21.83
3,256,054.00
149,155.00
DCT INDUSTRIAL TRUST INC
3,560,026.24
37.37
5,192,487.00
138,948.00
DOUGLAS EMMETT INC
4,592,771.51
31.18
6,673,300.00
214,025.00
DUKE RE CORPORATION
7,801,850.96
21.02
11,443,267.00
544,399.00
EASTERLY GOVERNMENT
327,886.45
17.18
353,753.00
20,591.00
EASTGROUP PROPERTY INC
2,757,453.28
55.61
2,834,275.00
50,967.00
Instrument:
Office / Industrial
EMPIRE STATE REALTY TRUST-A
2,324,477.24
18.07
2,678,661.00
148,238.00
EQUITY COMMONWEALTH
4,504,289.71
27.73
5,527,920.00
199,348.00
FIRST INDUSTRIAL RE
2,976,624.99
22.13
3,839,356.00
173,491.00
FIRST POTOMAC REALTY TRUST
1,234,867.64
11.40
1,040,056.00
91,233.00
FRANKLIN STREET PPTYS CO
1,789,959.67
10.35
1,439,706.00
139,102.00
GLADSTONE COMMERCIAL CORP
612,260.42
14.59
492,704.00
33,770.00
GOVERNMENT PROPERTIES
2,662,283.67
15.87
1,779,868.00
112,153.00
GRAMERCY PROPERTY TRUST
5,440,672.48
7.72
5,106,958.00
661,523.00
HEALTHCARE TRUST OF AMERICA
4,452,320.54
26.97
5,405,786.00
200,437.00
HIGHWOODS PROP INC.
5,533,340.53
43.60
6,557,440.00
150,400.00
HUDSON PACIFIC PROPERTIES
2,699,293.10
28.14
3,257,993.00
115,778.00
KILROY RE CORP
6,971,234.84
63.28
9,205,974.00
145,480.00
LIBERTY PROPERTY TRUST
7,874,262.71
31.05
7,239,183.00
233,146.00
MACK-CALI RE CORP.
2,934,450.64
23.35
3,278,270.00
140,397.00
MONMOUTH REIT  -CL A
915,552.82
10.46
965,165.00
92,272.00
NEW YORK REIT INC
3,046,660.86
11.50
2,965,390.00
257,860.00
PARAMOUNT GROUP INC
4,410,486.61
18.10
4,114,800.00
227,337.00
PARKWAY PROPERTYS INC
2,147,194.30
15.63
1,972,944.00
126,228.00
PHYSICIANS REALTY TRUST
2,070,155.68
16.86
2,318,688.00
137,526.00
PIEDMONT OFFICE REALTY TRUST
4,207,914.22
18.88
4,334,376.00
229,575.00
PROLOGIS INC.
33,025,871.17
42.92
35,486,814.00
826,813.00
PS BUSINESS PARKS INC/CA
2,236,896.64
87.43
2,784,995.00
31,854.00
REXFORD INDUSTRIAL REALTY INC
1,244,445.46
16.36
1,396,604.00
85,367.00
SL GREEN RE CORP
11,591,822.64
112.98
17,750,966.00
157,116.00
STAG INDUSTRIAL INC
2,152,315.74
18.45
1,981,696.00
107,409.00
TERRENO REALTY CORP
1,317,473.75
22.62
1,519,679.00
67,183.00
TIER REIT INC
1,167,516.63
14.75
1,103,816.00
74,835.00
Office / Industrial  TOTAL
188,237,974.96
222,491,220.00
7,234,848.00
Instrument:
Retail
ACADIA RLTY TR
2,819,304.72
33.15
3,599,924.00
108,595.00
AGREE REALTY CORP
848,638.38
33.99
972,420.00
28,609.00
Instrument:
Retail
ALEXANDERS INC
1,102,153.65
384.11
1,231,457.00
3,206.00
BRIXMOR PROPERTY GROUP INC
6,584,437.66
25.82
7,127,275.00
276,037.00
CBL & ASSOC PROP
5,119,490.05
12.37
3,316,014.00
268,069.00
CEDAR REALTY TRUST INC
739,425.65
7.08
940,833.00
132,886.00
EQUITY ONE INC
2,799,941.69
27.15
3,382,646.00
124,591.00
FEDERAL REALTY INV.
10,035,458.12
146.10
16,002,771.00
109,533.00
GETTY RLTY CORP
755,206.27
17.15
677,699.00
39,516.00
GGP INC
14,286,948.81
27.21
21,623,950.00
794,706.00
INDEPENDENCE REALTY TRUST
405,672.19
7.51
383,340.00
51,044.00
INLAND REAL ESTATE CORP
1,347,815.62
10.62
1,448,653.00
136,408.00
KIMCO REALTY CORP
12,810,856.48
26.46
17,160,421.00
648,542.00
KITE REALTY GROUP TRUST
3,201,008.54
25.93
3,359,206.00
129,549.00
MACERICH CO
13,467,467.70
80.69
20,107,787.00
249,198.00
NATIONAL RETAIL PROPERTIES
6,813,751.26
40.05
8,603,861.00
214,828.00
PENNSYLVANIA RI
1,937,353.39
21.87
2,289,527.00
104,688.00
REALTY INCOME CORP
16,481,574.62
51.63
20,332,204.00
393,806.00
REGENCY CENTERS CORP
7,192,355.77
68.12
10,021,474.00
147,115.00
RETAIL OPPORTUNITY
2,195,200.45
17.90
2,789,464.00
155,836.00
RETAIL PROPERTIES OF AMERICA
5,051,777.96
14.77
5,512,710.00
373,237.00
ROUSE PROPERTIES INC
1,015,695.61
14.56
835,031.00
57,351.00
RPT REALTY
1,740,140.58
16.61
2,053,444.00
123,627.00
SAUL CENTERS INC
970,851.94
51.27
1,092,359.00
21,306.00
SIMON PROP GROUP INC.
48,953,775.37
194.44
95,342,487.00
490,344.00
SITE CENTERS CORP
7,408,264.19
16.84
8,112,603.00
481,746.00
SPIRIT REALTY CAPITAL INC.
6,545,991.18
10.02
6,653,440.00
664,016.00
STORE CAPITAL CORP
2,278,597.65
23.20
2,371,736.00
102,230.00
TANGER FACTORY OUTLET
4,233,736.87
32.70
4,944,894.00
151,220.00
TAUBMAN CENTERS INC
5,764,027.01
76.72
7,290,932.00
95,033.00
URBAN EDGE PROPERTIES
2,163,435.21
23.45
3,304,762.00
140,928.00
URSTADT BIDDLE PPTYS
849,113.11
19.24
806,887.00
41,938.00
VEREIT INC
17,129,535.13
7.92
11,310,370.00
1,428,077.00
WASHINGTON PRIME GROUP INC
3,427,921.78
10.61
3,080,316.00
290,322.00
Instrument:
Retail
WEINGARTEN RE INVST
4,572,497.20
34.58
6,084,040.00
175,941.00
Retail  TOTAL
223,049,421.81
304,166,937.00
8,754,078.00
Instrument:
Diversified
AMERICAN ASSETS TRUST INC
1,960,061.67
38.35
2,336,857.00
60,935.00
AMERICAN HOMES 4 RENT-A
4,011,319.97
16.66
3,953,301.00
237,293.00
AMERICAN RESIDENTIAL
914,619.49
18.90
958,419.00
50,710.00
ARMADA HOFFLER PROPERTIES
481,459.46
10.48
489,814.00
46,738.00
CORECIVIC INC
6,015,534.03
26.49
4,695,300.00
177,248.00
CORESITE REALTY CORP
1,981,453.65
56.72
2,742,299.00
48,348.00
COUSINS PROPERTIES INC
3,558,147.68
9.43
3,156,815.00
334,763.00
CYRUSONE INC.
2,589,734.72
37.45
3,601,117.00
96,158.00
DIGITAL REALTY TRUST INC
11,371,566.13
75.62
16,147,895.00
213,540.00
DUPONT FABROS TECHNOLOGY
2,451,403.53
31.79
3,293,063.00
103,588.00
EPR PROPERTIES
4,381,687.43
58.45
5,510,491.00
94,277.00
EQUINIX INC
23,843,678.54
302.40
29,379,672.00
97,155.00
GAMING AND LEISURE
4,582,871.32
27.80
3,817,440.00
137,318.00
INVESTORS REAL ESTATE TRUST
1,681,014.09
6.95
1,376,364.00
198,038.00
IRON MTN INC PA
11,314,186.39
27.01
7,854,778.00
290,810.00
LAMAR ADVERTISING CO-A
7,657,371.91
59.98
7,732,562.00
128,919.00
LEXINGTON CORP PPTYS
3,772,047.62
8.00
2,978,032.00
372,254.00
NORTHSTAR REALTY EUROPE C
1,637,857.54
11.81
1,133,087.00
95,943.00
NORTHSTAR REALTY FINANCE
7,973,860.06
17.03
4,659,834.00
273,625.00
ONE LIBERTY PROPERTIES INC
459,723.81
21.46
452,463.00
21,084.00
OUTFRONT MEDIA INC
6,546,717.91
21.83
4,701,942.00
215,389.00
QTS REALTY TRUST INC-CLASS A
2,247,996.51
45.11
2,754,868.00
61,070.00
SELECT INCOME REIT
2,714,341.12
19.82
2,122,980.00
107,113.00
SILVER BAY REALTY TRUST CORP.
1,006,027.51
15.66
846,674.00
54,066.00
STARWOOD WAYPOINT HOMES
1,680,509.05
22.64
1,363,539.00
60,227.00
THE GEO GROUP INC
4,035,953.41
28.91
3,246,738.00
112,305.00
VORNADO REALTY TRUST
19,491,803.56
99.96
26,723,506.00
267,342.00
WASHINGTON RE INV
2,937,848.45
27.06
2,909,248.00
107,511.00
Instrument:
Diversified
WHITESTONE REIT-B
578,580.20
12.01
511,230.00
42,567.00
WINTHROP REALTY TRUST
630,992.44
12.97
662,897.00
51,110.00
WP CAREY INC
8,733,517.25
59.00
8,182,533.00
138,687.00
Diversified  TOTAL
153,243,886.45
160,295,758.00
4,296,131.00
Instrument:
Health Care
CARE CAPITAL PROPERTIES INC
3,215,615.18
30.57
4,035,821.00
132,019.00
CARETRUST REIT INC.
934,578.98
10.95
798,551.00
72,927.00
COMMUNITY HEALTHCARE TRUST
190,161.77
18.43
183,323.00
9,947.00
HCP INC
26,527,668.29
38.24
28,057,376.00
733,718.00
HEALTHCARE RLTY TR
3,920,031.47
28.32
4,485,661.00
158,392.00
LTC PROPERTIES INC
2,067,408.89
43.14
2,419,032.00
56,074.00
MEDICAL PROPERTIES TRUST INC
4,900,737.12
11.51
4,319,081.00
375,246.00
NATIONAL HEALTH INVESTORS INC
2,884,205.29
60.87
3,319,058.00
54,527.00
NEW SENIOR INVESTMENT GROUP
2,168,531.07
9.86
1,292,330.00
131,068.00
OMEGA HEALTHCARE INV
8,429,639.93
34.98
9,187,322.00
262,645.00
SABRA HEALTHCARE REIT INC
2,711,425.84
20.23
2,078,936.00
102,765.00
SENIOR HOUSING PROP TRUST
7,851,047.73
14.84
5,558,396.00
374,555.00
UNIVERSAL HEALTH RLT
912,087.07
50.01
1,049,610.00
20,988.00
VENTAS INC.
22,340,797.32
56.43
29,452,736.00
521,934.00
WELLTOWER INC
30,237,950.94
68.03
37,634,128.00
553,199.00
Health Care  TOTAL
119,291,886.89
133,871,361.00
3,560,004.00
Instrument:
Storage
CUBESMART
4,101,197.08
30.62
8,334,886.00
272,204.00
EXTRA SPACE STORAGE INC
6,452,968.87
88.21
16,150,986.00
183,097.00
LIFE STORAGE INC
3,892,245.72
107.31
6,067,200.00
56,539.00
NATIONAL STORAGE AFFILIATES
529,403.69
17.13
615,395.00
35,925.00
PUBLIC STORAGE INC
25,646,655.65
247.70
56,674,008.00
228,801.00
Storage  TOTAL
40,622,471.01
87,842,475.00
776,566.00
Instrument:
Hotels
APPLE HOSPITALITY REIT INC
4,975,871.45
19.97
5,250,692.00
262,929.00
Instrument:
Hotels
ASHFORD HOSPITALITY TRUST INC
1,193,925.40
6.31
912,483.00
144,609.00
BRAEMAR HOTELS & RESORTS INC
722,401.49
14.50
638,319.00
44,022.00
CHATHAM LODGING TRUST
1,242,198.90
20.48
1,186,734.00
57,946.00
CHESAPEAKE LODGING TRUST
2,009,499.61
25.16
2,367,908.00
94,114.00
DIAMONDROCK HOSPITALITY
3,143,411.73
9.65
3,055,875.00
316,671.00
FELCOR LODGING TRUST
2,072,720.97
7.30
1,650,187.00
226,053.00
HERSHA HOSPITALITY TRUST
1,254,514.53
21.76
1,343,593.00
61,746.00
HOSPITALITY PROPERTIES
6,018,701.29
26.15
6,249,981.00
239,005.00
HOST HOTELS & RESORTS INC
20,175,685.12
15.34
18,299,838.00
1,192,949.00
LASALLE HOTEL PROPERTIES
4,605,710.83
25.16
4,478,052.00
177,983.00
PEBBLEBROOK HOTEL TRUST
3,688,537.05
28.02
3,176,571.00
113,368.00
RLJ LODGING TRUST
4,257,365.15
21.63
4,290,592.00
198,363.00
RYMAN HOSPITALITY PROPERTIES
3,409,586.66
51.64
3,967,140.00
76,823.00
SUMMIT HOTEL PROPERTIES INC
1,200,657.94
11.95
1,567,338.00
131,158.00
SUNSTONE HOTEL INVESTORS INC
3,739,238.82
12.49
4,112,345.00
329,251.00
XENIA HOTELS & RESORTS INC
4,283,367.88
15.33
2,700,977.00
176,189.00
Hotels  TOTAL
67,993,394.82
65,248,625.00
3,843,179.00
Instrument:
Specialty
AMERICAN FARMLAND CO
68,381.24
7.04
67,542.00
9,594.00
Specialty  TOTAL
68,381.24
67,542.00
9,594.00
REITS TOTAL
916,771,795.83
1,166,166,294.00
31,333,345.00