Instrument:
COMMERCIAL PAPER (DISCOUNT)
CP
FANNIE DISCOUNT NOTE
14,998,123.29
2/5/2016
14,998,123.29
0.130
15,000,000.00
TREASURY BILL
111,982,784.54
3/3/2016
111,982,784.54
0.074
112,000,000.00
TREASURY BILL
324,944,782.32
3/31/2016
324,944,782.32
0.074
325,000,000.00
TREASURY BILL
99,988,542.33
4/28/2016
99,988,542.33
0.036
100,000,000.00
TREASURY BILL
21,967,866.36
5/26/2016
21,967,866.36
0.361
22,000,000.00
TREASURY BILL
64,857,944.84
6/23/2016
64,857,944.84
0.455
65,000,000.00
TREASURY BILL
62,992,110.14
2/18/2016
62,992,110.14
0.087
63,000,000.00
TREASURY BILL
153,990,199.39
3/17/2016
153,990,199.39
0.030
154,000,000.00
TREASURY BILL
41,989,070.24
3/24/2016
41,989,070.24
0.089
42,000,000.00
TREASURY BILL
100,984,120.55
4/7/2016
100,984,120.55
0.055
101,000,000.00
TREASURY BILL
71,983,958.91
4/14/2016
71,983,958.91
0.076
72,000,000.00
TREASURY BILL
65,975,020.73
4/21/2016
65,975,020.73
0.128
66,000,000.00
TREASURY BILL
64,924,494.52
5/5/2016
64,924,494.52
0.344
65,000,000.00
TREASURY BILL
1,996,876.94
5/12/2016
1,996,876.94
0.432
2,000,000.00
TREASURY BILL
48,921,107.23
5/19/2016
48,921,107.23
0.415
49,000,000.00
TREASURY BILL
96,833,252.20
6/16/2016
96,833,252.20
0.371
97,000,000.00
COMMERCIAL PAPER (DISCOUNT)  TOTAL
1,349,330,254.53
1,349,330,254.53
1,350,000,000.00
Instrument:
U S TREASURIES
TSY
US TREASURY N/B
15,008,179.80
3/31/2016
0.3750
15,016,543.02
0.314
15,000,000.00
US TREASURY N/B
20,014,121.73
4/30/2016
0.3750
20,010,374.72
0.411
20,000,000.00
US TREASURY N/B
5,026,027.27
3/31/2016
2.2500
5,051,836.07
0.355
5,000,000.00
US TREASURY N/B
18,989,660.10
5/31/2016
0.3750
19,001,289.50
0.438
19,000,000.00
U S TREASURIES  TOTAL
59,037,988.90
59,080,043.31
59,000,000.00