Instrument:
Residential
AMERICAN CAMPUS COMMUNITIES
7,627,656.99
41.39
024835100
8,317,527.00
200,955.00
APARTMENT INVT & MGMT
6,739,511.59
43.88
03748R101
9,998,146.00
227,852.00
AVALONBAY COMMUNITIES
26,978,396.38
174.05
053484101
35,475,915.00
203,826.00
BLUEROCK RESIDENTIAL GROWTH
398,645.53
9.02
09627J102
316,097.00
35,044.00
BRT APARTMENTS CORP
158,013.96
11.44
055645303
151,397.00
13,234.00
CAMDEN PROPERTY TRUST
8,556,237.30
88.05
133131102
11,534,110.00
130,995.00
CLIPPER REALTY INC
268,830.93
13.07
18885T306
284,874.00
21,796.00
EQUITY LIFESTYLE PROPERTIES
5,979,821.68
97.13
29472R108
12,268,102.00
126,306.00
EQUITY RESIDENTIAL PROP
25,987,758.63
66.01
29476L107
34,976,389.00
529,865.00
ESSEX PROPERTY TRUST INC.
16,390,682.59
245.21
297178105
23,795,178.00
97,040.00
FRONT YARD RESIDENTIAL CORP
879,730.35
8.73
35904G107
631,423.00
72,328.00
INVITATION HOMES INC
9,017,898.62
20.08
46187W107
8,849,778.00
440,726.00
MID-AMERICAN APARTMENT
11,603,407.17
95.70
59522J103
16,016,256.00
167,359.00
NEXPOINT RESIDENTIAL
521,242.50
35.05
65341D102
946,245.00
26,997.00
PREFERRED APARTMENT
859,021.28
14.06
74039L103
823,677.00
58,583.00
SUN COMMUNITIES INC
8,347,022.94
101.71
866674104
12,618,244.00
124,061.00
UDR INC
10,490,157.90
39.62
902653104
15,515,826.00
391,616.00
UMH PROPERTIES INC
555,883.06
11.84
903002103
586,175.00
49,508.00
Residential  TOTAL
141,359,919.40
193,105,359.00
2,918,091.00
Instrument:
Office / Industrial
ALEXANDRIA REAL ESTATE
14,615,364.73
115.24
015271109
18,080,580.00
156,895.00
AMERICOLD REALTY TRUST
2,738,548.72
25.54
03064D108
3,232,828.00
126,579.00
BOSTON PROPERTIES INC
21,501,574.38
112.55
101121101
25,664,889.00
228,031.00
BRANDYWINE REALTY
3,537,074.98
12.87
105368203
3,334,102.00
259,060.00
CITY OFFICE REIT INC
709,921.21
10.25
178587101
583,727.00
56,949.00
COLUMBIA PROPERTY TRUST INC
4,128,838.87
19.35
198287203
3,376,885.00
174,516.00
CORPORATE OFFICE PROPERTY
3,919,962.49
21.03
22002T108
3,202,007.00
152,259.00
DOUGLAS EMMETT INC
6,286,374.57
34.13
25960P109
8,086,114.00
236,921.00
DUKE RE CORPORATION
9,097,727.33
25.90
264411505
13,634,744.00
526,438.00
EASTERLY GOVERNMENT
1,683,933.48
15.68
27616P103
1,392,102.00
88,782.00
EASTGROUP PROPERTY INC
3,182,643.44
91.73
277276101
4,732,901.00
51,596.00
Instrument:
Office / Industrial
EMPIRE STATE REALTY TRUST-A
3,510,561.29
14.23
292104106
2,976,048.00
209,139.00
FIRST INDUSTRIAL RE
3,758,710.86
28.86
32054K103
5,272,549.00
182,694.00
FRANKLIN STREET PPTYS CO
1,822,721.38
6.23
35471R106
952,611.00
152,907.00
GLADSTONE COMMERCIAL CORP
775,409.36
17.92
376536108
753,536.00
42,050.00
HEALTHCARE TRUST OF AMERICA
7,763,721.86
25.31
42225P501
7,701,048.00
304,269.00
HIGHWOODS PROP INC.
5,811,041.60
38.69
431284108
5,801,720.00
149,954.00
HUDSON PACIFIC PROPERTIES
6,604,774.89
29.06
444097109
6,607,808.00
227,385.00
INDUSTRIAL LOGISTICS PROPERT
2,289,004.97
19.67
456237106
1,864,289.00
94,778.28
KILROY RE CORP
7,850,894.56
62.88
49427F108
9,163,691.00
145,733.00
LIBERTY PROPERTY TRUST
7,714,617.14
41.88
531172104
9,111,245.00
217,556.00
MACK-CALI RE CORP.
2,757,766.32
19.59
554489104
2,599,711.00
132,706.00
MONMOUTH REIT  -CL A
1,481,504.93
12.40
609720107
1,586,853.00
127,972.00
OFFICE PROPERTIES INCOME
4,198,297.78
6.87
67623C109
1,921,281.00
279,662.40
PARAMOUNT GROUP INC
5,368,723.94
12.56
69924R108
3,789,239.00
301,691.00
PHYSICIANS REALTY TRUST
4,513,428.44
16.03
71943U104
4,294,774.00
267,921.00
PIEDMONT OFFICE REALTY TRUST
3,448,230.66
17.04
720190206
3,202,651.00
187,949.00
PROLOGIS INC.
39,674,962.09
58.72
74340W103
54,296,681.00
924,671.00
PS BUSINESS PARKS INC/CA
2,393,945.91
131.00
69360J107
3,825,462.00
29,202.00
REXFORD INDUSTRIAL REALTY INC
2,845,448.21
29.47
76169C100
3,988,470.00
135,340.00
SL GREEN RE CORP
9,496,770.91
79.08
78440X101
9,615,021.00
121,586.00
STAG INDUSTRIAL INC
3,162,845.20
24.88
85254J102
3,570,952.00
143,527.00
TERRENO REALTY CORP
2,094,338.99
35.17
88146M101
2,997,961.00
85,242.00
TIER REIT INC
1,329,880.48
20.63
88650V208
1,622,838.00
78,664.00
Office / Industrial  TOTAL
202,069,565.97
232,837,318.00
6,600,624.68
Instrument:
Retail
ACADIA RLTY TR
3,176,797.03
23.76
004239109
2,807,268.00
118,151.00
AGREE REALTY CORP
2,005,211.67
59.12
008492100
2,905,866.00
49,152.00
ALEXANDERS INC
1,088,841.38
304.74
014752109
951,398.00
3,122.00
BRIXMOR PROPERTY GROUP INC
10,368,864.50
14.69
11120U105
6,537,182.00
445,009.00
CBL & ASSOC PROP
3,940,003.02
1.92
124830100
476,836.00
248,352.00
CEDAR REALTY TRUST INC
687,677.27
3.14
150602209
407,327.00
129,722.00
Instrument:
Retail
ESSENTIAL PROPERTIES REALTY
692,914.08
13.84
29670E107
665,676.00
48,098.00
FEDERAL REALTY INV.
10,724,850.07
118.04
313747206
12,688,356.00
107,492.00
FOUR CORNERS PROPERTY
2,100,934.23
26.20
35086T109
2,603,075.00
99,354.00
GETTY RLTY CORP
1,042,397.12
29.41
374297109
1,412,709.00
48,035.00
INDEPENDENCE REALTY TRUST
1,147,862.07
9.18
45378A106
1,174,397.00
127,930.00
KIMCO REALTY CORP
11,485,329.66
14.65
49446R109
8,788,696.00
599,911.00
KITE REALTY GROUP TRUST
2,780,136.00
14.09
49803T300
1,709,892.00
121,355.00
MACERICH CO
10,963,182.25
43.28
554382101
8,684,608.00
200,661.00
NATIONAL RETAIL PROPERTIES
8,146,100.27
48.51
637417106
11,335,720.00
233,678.00
PENNSYLVANIA RI
1,678,049.46
5.94
709102107
599,340.00
100,899.00
REALTY INCOME CORP
20,037,875.80
63.04
756109104
27,466,402.00
435,698.00
REGENCY CENTERS CORP
11,977,749.72
58.68
758849103
13,154,002.00
224,165.00
RETAIL OPPORTUNITY
2,535,861.82
15.88
76131N101
2,616,500.00
164,767.00
RETAIL PROPERTIES OF AMERICA
4,236,568.05
10.85
76131V202
3,442,759.00
317,305.00
RETAIL VALUE INC
1,088,007.42
25.59
76133Q102
576,108.00
22,513.00
RPT REALTY
1,613,400.79
11.95
74971D101
1,390,406.00
116,352.00
SAUL CENTERS INC
828,249.03
47.22
804395101
817,048.00
17,303.00
SIMON PROP GROUP INC.
52,230,283.88
167.99
828806109
76,461,488.00
455,155.00
SITE CENTERS CORP
5,124,686.96
11.07
82981J109
2,492,200.00
225,131.00
SPIRIT MTA REIT
635,396.90
7.13
84861U105
450,031.00
63,118.00
SPIRIT REALTY CAPITAL INC.
5,477,318.20
35.25
84860W300
4,449,819.00
126,236.00
STORE CAPITAL CORP
7,050,844.68
28.31
862121100
8,002,897.00
282,688.00
TANGER FACTORY OUTLET
3,651,871.65
20.22
875465106
2,725,252.00
134,780.00
TAUBMAN CENTERS INC
5,233,888.47
45.49
876664103
3,975,871.00
87,401.00
URBAN EDGE PROPERTIES
2,794,468.36
16.62
91704F104
2,666,779.00
160,456.00
URSTADT BIDDLE PPTYS
886,955.96
19.22
917286205
833,360.00
43,359.00
VEREIT INC
15,551,330.26
7.15
92339V100
10,230,728.00
1,430,871.00
WASHINGTON PRIME GROUP INC
2,907,044.45
4.86
93964W108
1,332,306.00
274,137.00
WEINGARTEN RE INVST
4,709,340.30
24.81
948741103
4,371,051.00
176,181.00
Retail  TOTAL
220,600,292.78
231,203,353.00
7,438,537.00
Instrument:
Diversified
Instrument:
Diversified
ALEXANDER & BALDWIN INC.
2,139,419.26
18.38
014491104
1,840,904.00
100,158.00
AMERICAN ASSETS TRUST INC
1,885,019.50
40.17
024013104
2,267,717.00
56,453.00
AMERICAN HOMES 4 RENT-A
6,976,889.47
19.85
02665T306
7,571,564.00
381,439.00
ARMADA HOFFLER PROPERTIES
869,077.33
14.06
04208T108
1,017,902.00
72,397.00
COLONY CAPITAL INC
9,220,090.71
4.68
19626G108
3,319,192.00
709,229.00
CORECIVIC INC
5,397,480.89
17.83
21871N101
3,106,075.00
174,205.00
COREPOINT LODGING INC
1,194,809.20
12.25
21872L104
743,281.00
60,676.00
CORESITE REALTY CORP
3,207,695.07
87.23
21870Q105
4,682,245.00
53,677.00
COUSINS PROPERTIES INC
4,304,233.07
7.90
222795106
4,872,530.00
616,776.00
CYRUSONE INC.
6,230,560.07
52.88
23283R100
8,165,095.00
154,408.00
DIGITAL REALTY TRUST INC
20,294,868.23
106.55
253868103
32,336,327.00
303,485.00
EPR PROPERTIES
5,709,664.63
64.03
26884U109
6,964,799.00
108,774.00
EQUINIX INC
34,103,417.98
352.56
29444U700
41,738,873.00
118,388.00
GAMING AND LEISURE
9,871,400.61
32.31
36467J108
9,609,446.00
297,414.00
GLOBAL NET LEASE INC
2,406,603.33
17.62
379378201
1,875,138.00
106,421.00
INVESTORS REAL ESTATE TRUST
1,365,346.12
49.07
461730509
863,048.00
17,588.10
IRON MTN INC PA
15,412,671.88
32.41
46284V101
13,582,869.00
419,095.00
JBG SMITH PROPERTIES
4,755,399.15
34.81
46590V100
5,371,879.00
154,320.00
LAMAR ADVERTISING CO-A
7,637,181.51
69.18
512816109
8,610,765.00
124,469.00
LEXINGTON CORP PPTYS
3,063,491.46
8.21
529043101
2,554,221.00
311,111.00
NORTHSTAR REALTY EUROPE C
1,071,083.83
14.54
66706L101
952,661.00
65,520.00
ONE LIBERTY PROPERTIES INC
495,505.45
24.22
682406103
531,702.00
21,953.00
OUTFRONT MEDIA INC
5,740,719.79
18.12
69007J106
3,704,362.00
204,435.00
QTS REALTY TRUST INC-CLASS A
2,959,119.06
37.05
74736A103
2,768,487.00
74,723.00
SAFETY INCOME AND GROWTH
220,640.30
18.81
78649D104
218,177.00
11,599.00
THE GEO GROUP INC
4,165,609.95
19.70
36162J106
3,472,440.00
176,266.00
VORNADO REALTY TRUST
15,686,279.21
62.03
929042109
15,782,355.00
254,431.00
WASHINGTON RE INV
3,233,279.36
23.00
939653101
2,699,257.00
117,359.00
WHITESTONE REIT-B
728,920.33
12.26
966084204
686,266.00
55,976.00
WP CAREY INC
15,311,058.03
65.34
92936U109
15,330,594.00
234,628.00
Diversified  TOTAL
195,657,534.78
207,240,171.00
5,557,373.10
Instrument:
Health Care
CARETRUST REIT INC.
1,748,692.20
18.46
14174T107
2,253,874.00
122,095.00
COMMUNITY HEALTHCARE TRUST
567,466.05
28.83
20369C106
736,635.00
25,551.00
GLOBAL MEDICAL REIT INC
265,783.14
8.89
37954A204
246,911.00
27,774.00
HCP INC
22,129,373.02
27.93
40414L109
19,389,174.00
694,206.00
HEALTHCARE RLTY TR
4,832,819.34
28.44
421946104
5,172,184.00
181,863.00
LTC PROPERTIES INC
2,229,255.49
41.68
502175102
2,404,894.00
57,699.00
MEDEQUITIES REALTY TRUST INC
447,914.09
6.84
58409L306
287,013.00
41,961.00
MEDICAL PROPERTIES TRUST INC
7,160,018.66
16.08
58463J304
8,607,994.00
535,323.00
NATIONAL HEALTH INVESTORS INC
3,499,621.28
75.54
63633D104
4,530,360.00
59,973.00
NEW SENIOR INVESTMENT GROUP
1,577,078.01
4.12
648691103
450,930.00
109,449.00
OMEGA HEALTHCARE INV
9,291,216.87
35.15
681936100
10,267,420.00
292,103.00
SABRA HEALTHCARE REIT INC
5,812,389.81
16.48
78573L106
4,300,275.00
260,939.00
SENIOR HOUSING PROP TRUST
6,851,270.73
11.72
81721M109
4,066,102.00
346,937.00
UNIVERSAL HEALTH RLT
904,868.68
61.37
91359E105
1,153,572.00
18,797.00
VENTAS INC.
24,536,647.31
58.59
92276F100
30,792,385.00
525,557.00
WELLTOWER INC
31,060,082.14
69.41
95040Q104
38,146,834.00
549,587.00
Health Care  TOTAL
122,914,496.82
132,806,557.00
3,849,814.00
Instrument:
Storage
CUBESMART
4,986,270.43
28.69
229663109
7,846,715.00
273,500.00
EXTRA SPACE STORAGE INC
8,457,688.13
90.48
30225T102
16,290,743.00
180,048.00
LIFE STORAGE INC
5,351,913.49
92.99
53223X107
6,286,775.00
67,607.00
NATIONAL STORAGE AFFILIATES
1,722,593.20
26.46
637870106
2,196,974.00
83,030.00
PUBLIC STORAGE INC
29,234,282.42
202.41
74460D109
44,359,568.00
219,157.00
Storage  TOTAL
49,752,747.67
76,980,775.00
823,342.00
Instrument:
Hotels
AMERICAN FINANCE TRUST INC
1,369,990.76
13.32
02607T109
1,056,076.00
79,285.00
APPLE HOSPITALITY REIT INC
5,951,310.89
14.26
03784Y200
4,556,869.00
319,556.00
ASHFORD HOSPITALITY TRUST INC
969,679.46
4.00
044103109
510,584.00
127,646.00
BRAEMAR HOTELS & RESORTS INC
597,990.82
8.93
10482B101
383,088.00
42,899.00
CHATHAM LODGING TRUST
1,427,054.70
17.68
16208T102
1,189,546.00
67,282.00
CHESAPEAKE LODGING TRUST
1,964,660.38
24.35
165240102
2,118,499.00
87,002.00
Instrument:
Hotels
DIAMONDROCK HOSPITALITY
3,057,531.23
9.08
252784301
2,760,901.00
304,064.00
HERSHA HOSPITALITY TRUST
1,034,009.37
17.54
427825500
915,939.00
52,220.00
HOSPITALITY PROPERTIES
6,155,317.23
23.88
44106M102
5,733,110.00
240,080.00
HOST HOTELS & RESORTS INC
18,686,660.24
16.67
44107P104
18,019,420.00
1,080,949.00
PARK HOTELS & RESORTS INC
8,253,463.33
25.98
700517105
7,703,486.00
296,516.00
PEBBLEBROOK HOTEL TRUST
6,102,908.54
28.31
70509V100
5,665,737.00
200,132.00
RLJ LODGING TRUST
5,600,694.27
16.40
74965L101
4,182,672.00
255,041.00
RYMAN HOSPITALITY PROPERTIES
3,305,069.19
66.69
78377T107
4,375,064.00
65,603.00
SUMMIT HOTEL PROPERTIES INC
1,692,319.86
9.73
866082100
1,475,720.00
151,667.00
SUNSTONE HOTEL INVESTORS INC
4,073,886.69
13.01
867892101
4,354,681.00
334,718.00
XENIA HOTELS & RESORTS INC
3,835,234.73
17.20
984017103
2,842,558.00
165,265.00
Hotels  TOTAL
74,077,781.69
67,843,950.00
3,869,925.00
Instrument:
Specialty
FARMLAND PARTNERS INC
458,893.24
4.54
31154R109
200,532.00
44,170.00
GLADSTONE LAND CORP
224,999.43
11.48
376549101
219,945.00
19,159.00
VICI PROPERTIES INC
12,234,012.86
18.78
925652109
11,109,516.00
591,561.00
Specialty  TOTAL
12,917,905.53
11,529,993.00
654,890.00
Instrument:
Retail
BROOKFIELD PROPERTY REIT INC
3,396,129.02
16.10
11282X103
2,980,496.00
185,124.00
Retail  TOTAL
3,396,129.02
2,980,496.00
185,124.00
REITS TOTAL
1,022,746,373.66
1,156,527,972.00
31,897,720.78