Instrument:
COMMON STOCK
COM
3M COMPANY
MMM
36,255,688.65
81.73
88579Y101
52,752,628.50
645,450
ABBOTT LABORATORIES
ABT
45,468,589.13
56.23
002824100
79,393,948.50
1,411,950
ACCENTURE PLC
ACN
24,165,928.22
53.23
G1151C101
31,219,394.99
586,500
ACE LTD
ACE
16,297,647.10
70.12
H0023R105
21,491,780.00
306,500
ADOBE SYSTEMS INC.
ADBE
10,170,424.19
28.27
00724F101
12,956,141.00
458,300
AETNA INC.
AET
4,116,506.17
42.19
00817Y108
14,542,893.00
344,700
AFLAC INC
AFL
12,929,329.59
43.26
001055102
18,381,174.00
424,900
AIR PROD. & CHEM.
APD
18,975,627.74
85.19
009158106
16,394,815.50
192,450
ALCOA INC.
AA
25,253,487.18
8.65
013817101
8,358,927.49
966,350
ALLERGAN INC.
AGN
13,740,124.80
87.74
018490102
24,286,432.00
276,800
ALLSTATE CORP
ALL
16,971,868.77
27.41
020002101
13,021,120.50
475,050
ALTRIA GROUP INC
MO
15,695,970.67
29.65
02209S103
56,383,922.50
1,901,650
AMAZON.COM INC
AMZN
24,332,756.76
173.10
023135106
57,148,964.99
330,150
AMERICAN ELECTRIC POWER
AEP
12,513,332.57
41.31
025537101
18,079,321.50
437,650
AMERICAN EXPRESS CO.
AXP
31,194,395.01
47.17
025816109
45,021,406.49
954,450
AMERICAN INTL GROUP
AIG
11,512,140.78
23.20
026874784
9,313,640.00
401,450
AMERICAN TOWER CORP
AMT
11,470,813.51
60.01
03027X100
21,612,601.50
360,150
AMGEN INC
AMGN
25,704,387.08
64.21
031162100
46,874,776.83
730,023
ANADARKO PETROLEUM CORP
APC
12,327,439.80
76.33
032511107
34,493,527.00
451,900
APACHE CORP.
APA
15,960,431.70
90.58
037411105
31,549,013.99
348,300
APPLE INC.
AAPL
26,314,230.57
405.00
037833100
340,199,999.99
840,000
APPLIED MATERIALS INC.
AMAT
23,723,602.04
10.71
038222105
12,824,689.50
1,197,450
ARCHER DANIELS MIDLAND CO
ADM
23,811,336.35
28.60
039483102
17,556,110.00
613,850
AT&T INC
T
156,493,897.62
30.24
00206R102
162,679,104.00
5,379,600
AUTOMATIC DATA PROC.
ADP
14,642,841.91
54.01
053015103
24,515,139.00
453,900
BAKER HUGHES CORP
BHI
15,118,072.29
48.64
057224107
19,205,503.98
394,850
BANK OF AMERICA CORP.
BAC
236,365,368.16
5.56
060505104
51,178,132.00
9,204,700
BAXTER INTL
BAX
14,334,768.08
49.48
071813109
25,635,588.00
518,100
BB&T CORPORATION
BBT
20,319,026.01
25.17
054937107
15,925,059.00
632,700
BECTON DICKINSON & COMPANY
BDX
6,999,722.30
74.72
075887109
14,858,072.00
198,850
BERKSHIRE HATHAWAY INC.
BRK.B
130,168,247.86
76.30
084670702
121,328,445.00
1,590,150
BIOGEN IDEC INC
BIIB
10,192,954.90
110.05
09062X103
24,150,472.50
219,450
BLACKROCK INC
BLK
15,001,724.81
178.24
09247X101
13,858,159.98
77,750
BOEING CO
BA
29,396,853.66
73.35
097023105
49,195,844.99
670,700
Instrument:
COMMON STOCK
COM
BRISTOL-MYERS SQUIBB
BMY
44,308,278.01
35.24
110122108
54,613,190.00
1,549,750
BROADCOM CORP
BRCM
12,643,606.52
29.36
111320107
14,295,383.99
486,900
CAPITAL ONE FINANCIAL CORP.
COF
24,268,838.47
42.29
14040H105
17,634,930.00
417,000
CARDINAL HEALTH INC.
CAH
10,889,494.57
40.61
14149Y108
12,934,285.00
318,500
CARNIVAL CORP
CCL
19,110,442.00
32.64
143658300
12,644,736.00
387,400
CATERPILLAR INC.
CAT
20,076,759.07
90.60
149123101
53,055,359.98
585,600
CBS CORP. CL. B
CBS
16,285,054.16
27.14
124857202
16,486,193.00
607,450
CELGENE CORP
CELG
14,412,408.57
67.60
151020104
28,419,039.99
420,400
CENTURYLINK INC
CTL
21,752,095.73
37.20
156700106
20,668,319.99
555,600
CHESAPEAKE ENERGY CORP
CHK
35,923,561.33
22.29
165167107
13,318,274.99
597,500
CHEVRON CORP.
CVX
70,035,844.02
106.40
166764100
194,291,720.00
1,826,050
CHUBB CORP
CB
8,418,519.02
69.22
171232101
18,395,215.00
265,750
CISCO SYSTEMS
CSCO
103,656,487.19
18.08
17275R102
90,334,912.00
4,996,400
CITIGROUP INC.
C
213,737,397.35
26.31
172967424
69,454,453.49
2,639,850
CME GROUP INC
CME
22,278,597.50
243.67
12572Q105
14,876,053.49
61,050
COACH INC
COH
15,648,622.00
61.04
189754104
16,282,420.00
266,750
COCA COLA CO.
KO
83,436,530.22
69.97
191216100
125,571,660.50
1,794,650
COGNIZANT TECH SOLUTIONS
CTSH
14,532,501.16
64.31
192446102
17,768,852.99
276,300
COLGATE PALMOLIVE
CL
17,653,621.04
92.39
194162103
41,044,257.50
444,250
COMCAST CORP - CL A
CMCSA
50,213,231.96
23.71
20030N101
59,398,292.00
2,505,200
CONOCOPHILLIPS
COP
29,982,596.11
72.87
20825C104
88,077,969.00
1,208,700
CORNING INC
GLW
21,609,909.42
12.98
219350105
18,510,778.00
1,426,100
COSTCO WHOLESALE CORP.
COST
15,415,443.62
83.32
22160K105
33,057,210.00
396,750
COVIDIEN PLC
COV
18,880,628.70
45.01
G2554F113
20,268,003.00
450,300
CSX CORP.
CSX
20,747,512.02
21.06
126408103
21,098,961.00
1,001,850
CUMMINS INC.
CMI
17,251,737.44
88.02
231021106
15,693,966.00
178,300
CVS/CAREMARK CORP
CVS
18,962,865.86
40.78
126650100
50,226,687.00
1,231,650
DANAHER CORP
DHR
9,836,120.00
47.04
235851102
23,465,903.99
498,850
DEERE & CO.
DE
10,339,820.44
77.35
244199105
29,485,820.00
381,200
DELL INC
DELL
37,835,910.00
14.63
24702R101
21,780,412.50
1,488,750
DEVON ENERGY CORPORATION
DVN
11,270,236.67
62.00
25179M103
23,820,400.00
384,200
DIRECTV
DTV
12,105,541.97
42.76
25490A101
27,464,748.00
642,300
DISNEY (WALT) CO.
DIS
46,586,466.49
37.50
254687106
64,387,499.99
1,717,000
DOMINION RESOURCES INC-VA
D
16,761,504.70
53.08
25746U109
27,760,840.00
523,000
Instrument:
COMMON STOCK
COM
DOW CHEMICAL CO
DOW
33,700,072.47
28.76
260543103
30,714,241.99
1,067,950
DUKE ENERGY CORPORATION
DUK
18,318,091.39
22.00
26441C105
26,607,899.99
1,209,450
E I DUPONT DE NEM.
DD
40,472,585.39
45.78
263534109
38,624,585.98
843,700
EBAY INC
EBAY
29,693,383.12
30.33
278642103
31,752,477.00
1,046,900
ELI LILLY & COMPANY
LLY
45,463,817.49
41.56
532457108
38,590,538.00
928,550
EMC CORP
EMC
26,265,639.15
21.54
268648102
40,261,491.00
1,869,150
EMERSON ELECTRIC CO
EMR
17,423,682.99
46.59
291011104
31,813,981.50
682,850
EOG RESOURCES INC
EOG
15,656,430.48
98.51
26875P101
24,016,737.99
243,800
ESTEE LAUDER CO.
EL
10,337,535.00
112.32
518439104
11,512,800.00
102,500
EXELON CORP
EXC
19,309,487.27
43.37
30161N101
26,100,066.00
601,800
EXPRESS SCRIPTS
ESRX
15,117,681.04
44.69
302182100
19,820,015.00
443,500
EXXON MOBIL CORPORATION
XOM
128,640,328.21
84.76
30231G102
379,279,809.99
4,474,750
FEDEX CORPORATION
FDX
15,098,053.00
83.51
31428X106
23,950,668.00
286,800
FIRST ENERGY CORP.
FE
16,351,909.20
44.30
337932107
16,825,140.00
379,800
FORD MOTOR COMPANY
F
28,662,133.13
10.76
345370860
36,419,371.98
3,384,700
FRANKLIN RESOURCES INC
BEN
6,147,909.79
96.06
354613101
12,641,496.00
131,600
FREEPORT MCMORAN CLASS B
FCX
33,631,780.62
36.79
35671D857
31,659,634.48
860,550
GENERAL DYNAMICS CORP.
GD
12,619,386.32
66.41
369550108
20,045,858.50
301,850
GENERAL ELECTRIC CO
GE
221,280,682.59
17.91
369604103
172,544,940.00
9,634,000
GENERAL MILLS INC
GIS
13,345,489.03
40.41
370334104
23,435,779.50
579,950
GENERAL MOTORS CO
GM
20,753,838.24
20.27
37045V100
13,994,408.00
690,400
GILEAD SCIENCES INC.
GILD
7,697,716.91
40.93
375558103
29,262,903.50
714,950
GOLDMAN SACHS GROUP INC
GS
45,892,222.53
90.43
38141G104
42,524,707.50
470,250
GOOGLE INC - CL A
GOOG
75,955,033.63
645.90
38259P508
147,685,034.99
228,650
HALLIBURTON COMPANY
HAL
14,852,924.26
34.51
406216101
28,684,711.99
831,200
HCA HOLDINGS INC
HCA
3,327,999.67
22.03
40412C101
2,243,755.50
101,850
HESS CORP.
HES
34,406,891.48
56.80
42809H107
15,648,399.98
275,500
HEWLETT-PACKARD CO
HPQ
39,952,294.25
25.76
428236103
46,495,512.00
1,804,950
HOME DEPOT INC.
HD
39,688,879.08
42.04
437076102
61,027,366.00
1,451,650
HONEYWELL INTERNATIONAL INC
HON
28,190,483.40
54.35
438516106
38,852,097.49
714,850
ILLINOIS TOOL WORKS
ITW
13,455,361.47
46.71
452308109
18,929,227.50
405,250
INTEL CORP.
INTC
102,410,362.15
24.25
458140100
116,795,275.00
4,816,300
INTL BUS MACH CORP
IBM
82,765,721.88
183.88
459200101
202,313,970.00
1,100,250
JOHNSON & JOHNSON
JNJ
86,456,275.59
65.58
478160104
163,290,921.00
2,489,950
Instrument:
COMMON STOCK
COM
JOHNSON CONTROLS
JCI
16,903,653.68
31.26
478366107
19,267,101.00
616,350
JPMORGAN CHASE & CO.
JPM
140,122,913.49
33.25
46625H100
120,024,187.50
3,609,750
JUNIPER NETWORKS INC
JNPR
10,972,344.35
20.41
48203R104
9,882,521.99
484,200
KELLOGG CO.
K
7,906,868.33
50.57
487836108
11,299,866.50
223,450
KIMBERLY-CLARK CORP
KMB
18,777,066.09
73.56
494368103
26,260,920.00
357,000
KINDER MORGAN INC.
KMI
4,535,872.31
32.17
49456B101
4,991,175.50
155,150
KOHLS CORP
KSS
10,167,502.68
49.35
500255104
11,385,045.00
230,700
KRAFT FOODS INC - A
KFT
26,470,829.78
37.36
50075N104
56,081,095.99
1,501,100
KROGER CO.
KR
15,145,933.00
24.22
501044101
12,601,666.00
520,300
LAS VEGAS SANDS CORP
LVS
10,357,602.41
42.73
517834107
15,228,971.99
356,400
LOCKHEED MARTIN
LMT
10,709,896.01
80.90
539830109
19,521,170.00
241,300
LOEWS CORP
L
7,536,781.26
37.65
540424108
10,833,787.50
287,750
LOWE'S COS
LOW
14,947,681.34
25.38
548661107
30,019,464.00
1,182,800
LYONDELLBASELL IND-CL A
LYB
10,877,174.70
32.49
N53745100
9,243,405.00
284,500
MARATHON OIL CORP
MRO
11,310,392.81
29.27
565849106
18,933,299.50
646,850
MARATHON PETROLEUM CORP
MPC
7,321,551.88
33.29
56585A102
10,767,650.50
323,450
MASTERCARD INC-CLASS A
MA
24,917,579.95
372.82
57636Q104
36,275,385.99
97,300
MCDONALDS CORPORATION
MCD
28,115,650.70
100.33
580135101
94,561,025.00
942,500
MCKESSON CORP
MCK
10,873,928.82
77.91
58155Q103
17,845,285.50
229,050
MEDCO HEALTH SOLUTIONS INC
MHS
8,461,932.88
55.90
58405U102
20,300,085.00
363,150
MEDTRONIC INC
MDT
29,130,919.25
38.25
585055106
37,182,825.00
972,100
MERCK & CO INC
MRK
103,451,075.41
37.70
58933Y105
105,701,375.00
2,803,750
METLIFE INC
MET
27,918,223.36
31.18
59156R108
23,261,838.98
746,050
MICROSOFT CORP.
MSFT
169,962,534.20
25.96
594918104
174,998,956.00
6,741,100
MONSANTO COMPANY
MON
16,143,843.09
70.07
61166W101
34,110,076.00
486,800
MORGAN STANLEY
MS
49,382,618.88
15.13
617446448
21,230,415.99
1,403,200
MOSAIC COMPANY
MOS
28,190,180.04
50.43
61945C103
12,627,671.99
250,400
MOTOROLA SOLUTIONS INC
MSI
19,984,836.25
46.29
620076307
12,646,427.99
273,200
NATIONAL OILWELL VARCO INC
NOV
33,969,160.89
67.99
637071101
26,128,557.00
384,300
NETAPP INC.
NTAP
16,487,455.54
36.27
64110D104
12,119,620.50
334,150
NEWMONT MNG. CORP. HLDG CO
NEM
16,547,866.50
60.01
651639106
26,515,418.49
441,850
NEWS CORP INC-CL A
NWSA
35,247,223.29
17.84
65248E104
37,201,752.00
2,085,300
NEXTERA ENERGY INC
NEE
15,835,853.92
60.88
65339F101
23,335,303.99
383,300
NIKE INC. -CL B
NKE
10,783,156.40
96.37
654106103
31,247,972.50
324,250
Instrument:
COMMON STOCK
COM
NORFOLK SOUTHERN CORP.
NSC
17,078,298.00
72.86
655844108
23,380,774.00
320,900
NORTHROP GRUMMAN CORP.
NOC
9,630,417.03
58.48
666807102
13,912,392.00
237,900
OCCIDENTAL PETROLEUM CORP.
OXY
10,847,205.93
93.70
674599105
69,197,450.00
738,500
ORACLE SYS. CORP.
ORCL
35,312,284.11
25.65
68389X105
89,492,850.00
3,489,000
PACCAR INC
PCAR
19,348,258.96
37.47
693718108
12,438,166.50
331,950
PACIFIC GAS & ELEC. CO.
PCG
13,870,951.80
41.22
69331C108
14,898,968.97
361,450
PEPSICO INC.
PEP
48,054,790.37
66.35
713448108
95,271,965.00
1,435,900
PFIZER INC.
PFE
147,552,520.85
21.64
717081103
155,317,854.00
7,177,350
PHILIP MORRIS INTERNATIONAL
PM
29,899,841.94
78.48
718172109
126,780,516.00
1,615,450
PNC FINANCIAL SERVICES GROUP
PNC
25,549,783.01
57.67
693475105
27,574,910.50
478,150
PRAXAIR INC.
PX
12,807,995.00
106.90
74005P104
29,450,950.00
275,500
PRECISION CASTPARTS CORP
PCP
14,154,568.56
164.79
740189105
21,496,855.50
130,450
PRICELINE.COM INC
PCLN
21,745,502.84
467.71
741503403
21,023,564.50
44,950
PROCTER & GAMBLE CO
PG
85,475,338.30
66.71
742718109
169,153,211.50
2,535,650
PRUDENTIAL FINANCIAL INC
PRU
18,045,399.17
50.12
744320102
22,130,485.99
441,550
PUBLIC SVC ENTERPRISES
PEG
15,194,376.00
33.01
744573106
15,171,396.00
459,600
QUALCOMM INC
QCOM
34,981,810.37
54.70
747525103
82,960,754.99
1,516,650
RAYTHEON COMPANY
RTN
11,438,555.37
48.38
755111507
15,653,349.00
323,550
REYNOLDS AMERICAN INC
RAI
8,636,229.22
41.42
761713106
12,614,461.00
304,550
SALESFORCE.COM INC
CRM
17,355,829.83
101.46
79466L302
12,342,609.00
121,650
SCHLUMBERGER
SLB
104,644,245.18
68.31
806857108
84,202,321.49
1,232,650
SCHWAB (CHARLES) CORP
SCHW
12,874,938.65
11.26
808513105
10,713,889.97
951,500
SOUTHERN CO
SO
22,197,577.64
46.29
842587107
35,708,105.99
771,400
SOUTHERN COPPER CORP
SCCO
4,868,199.00
30.18
84265V105
4,658,283.00
154,350
SOUTHWESTERN ENERGY
SWN
12,203,012.65
31.94
845467109
10,093,040.00
316,000
SPRINT NEXTEL CORP
S
48,304,885.22
2.34
852061100
6,359,183.99
2,717,600
ST JUDE MED. INC.
STJ
10,269,015.01
34.30
790849103
10,247,124.99
298,750
STARBUCKS CORP.
SBUX
9,874,387.86
46.01
855244109
31,330,509.50
680,950
STATE STREET CORP
STT
22,681,526.88
40.31
857477103
18,457,949.00
457,900
STRYKER CORP.
SYK
8,671,328.49
49.71
863667101
14,162,379.00
284,900
SYMANTEC CORP
SYMC
11,198,163.67
15.65
871503108
10,741,377.50
686,350
SYSCO CORP.
SYY
13,106,710.01
29.33
871829107
15,547,833.00
530,100
TARGET CORP
TGT
18,387,067.32
51.22
87612E106
32,063,720.00
626,000
TEXAS INSTRS INC
TXN
29,377,970.84
29.11
882508104
30,708,139.00
1,054,900
Instrument:
COMMON STOCK
COM
THE BANK OF NEW YORK MELLON
BK
37,442,497.48
19.91
064058100
22,457,484.49
1,127,950
THERMO FISHER SCIENTIFIC
TMO
17,603,122.50
44.97
883556102
15,654,057.00
348,100
THOMSON REUTERS CORP
TRI
12,800,526.21
26.67
884903105
9,113,139.00
341,700
TIME WARNER CABLE INC
TWC
28,241,776.13
63.57
88732J207
18,467,085.00
290,500
TIME WARNER INC.
TWX
56,342,122.58
36.14
887317303
32,927,154.00
911,100
TJX COS. INC.
TJX
15,121,622.88
64.55
872540109
22,637,685.00
350,700
TRAVELERS COS INC
TRV
13,994,615.84
59.17
89417E109
22,508,268.00
380,400
TYCO INTERNATIONAL LTD
TYC
15,804,645.54
46.71
H89128104
19,903,131.00
426,100
UNION PACIFIC CORP.
UNP
12,222,913.05
105.94
907818108
47,206,864.00
445,600
UNITED PARCEL SERVICES INC
UPS
45,117,421.20
73.19
911312106
48,854,324.99
667,500
UNITED TECHNOLOGIES
UTX
31,772,648.82
73.09
913017109
60,767,025.99
831,400
UNITEDHEALTH GROUP INC
UNH
19,958,101.33
50.68
91324P102
49,884,324.00
984,300
US BANCORP
USB
41,400,405.52
27.05
902973304
47,342,910.00
1,750,200
VERIZON COMMUNICATIONS
VZ
93,210,861.51
40.12
92343V104
103,106,394.00
2,569,950
VIACOM INC. CL B
VIAB
22,980,550.99
45.41
92553P201
22,832,147.99
502,800
VISA INC-CLASS A
V
38,825,281.54
101.53
92826C839
48,231,826.49
475,050
VMWARE INC-CLASS A
VMW
5,725,767.82
83.19
928563402
6,413,948.98
77,100
WAL MART STORES INC
WMT
52,732,596.59
59.76
931142103
96,333,120.00
1,612,000
WALGREEN CO.
WAG
18,578,272.02
33.06
931422109
27,492,696.00
831,600
WASTE MANAGEMENT INC.
WM
13,931,023.54
32.71
94106L109
14,086,561.50
430,650
WELLPOINT INC.
WLP
16,753,556.23
66.25
94973V107
20,981,375.00
316,700
WELLS FARGO COMPANY
WFC
153,326,768.57
27.56
949746101
123,146,348.00
4,468,300
WILLIAMS COS. INC.
WMB
17,084,730.54
26.96
969457100
14,405,159.05
534,250
WPX ENERGY INC
WPX
3,837,674.81
18.17
98212B103
3,235,773.92
178,083
YAHOO INC
YHOO
35,314,212.82
16.13
984332106
19,091,467.99
1,183,600
YUM BRANDS INC
YUM
14,047,491.60
59.01
988498101
24,961,230.00
423,000
COMMON STOCK  TOTAL
6,287,428,097.76
8,248,269,485.12
197,543,606
Instrument:
REAL ESTATE INVESTMENT TRUST
REIT
PUBLIC STORAGE INC
PSA
11,901,243.51
134.46
74460D109
17,163,819.00
127,650
SIMON PROP GROUP INC.
SPG
19,125,863.44
128.94
828806109
34,368,956.99
266,550
REAL ESTATE INVESTMENT TRUST  TOTAL
31,027,106.95
51,532,775.99
394,200
LARGE-CAP PASSIVE (P) TOTAL
6,318,455,204.71
8,299,802,261.11
197,937,806