Instrument:
Residential
AMERICAN CAMPUS COMMUNITIES
5,474,217.06
41.96
024835100
8,176,241.62
194,858
APARTMENT INVT & MGMT
5,283,426.02
22.91
03748R101
6,541,629.69
285,536
ASSOCIATED ESTATES REALTY
1,148,287.95
15.95
045604105
1,557,995.94
97,680
AVALONBAY COMMUNITIES
21,381,116.07
130.60
053484101
29,232,981.54
223,836
BRE PROPERTIES  INC
5,807,715.15
50.48
05564E106
7,424,850.71
147,085
CAMDEN PROPERTY TRUST
6,045,408.86
62.24
133131102
10,381,631.94
166,800
EDUCATION REALTY TRUST INC
786,111.59
10.23
28140H104
1,015,112.59
99,229
EQUITY LIFESTYLE PROPERTIES
6,412,233.58
66.69
29472R108
8,196,200.97
122,900
EQUITY RESIDENTIAL PROP
23,974,110.53
57.03
29476L107
38,993,521.05
683,737
ESSEX PROPERTY TRUST INC.
7,707,142.27
140.51
297178105
9,919,724.79
70,598
HOME PROPERTIES OF NY INC.
4,755,851.84
57.57
437306103
5,126,838.69
89,054
MID-AMERICAN APARTMENT
5,608,839.18
62.55
59522J103
6,686,594.94
106,900
POST PROPERTIES,INC.
4,535,449.35
43.72
737464107
5,846,106.95
133,717
SUN COMMUNITIES INC
220,234.62
36.53
866674104
217,463.09
5,953
UDR INC
12,123,028.33
25.10
902653104
14,561,890.48
580,155
Residential  TOTAL
111,263,172.40
153,878,784.99
3,008,038
Instrument:
Office / Industrial
ALEXANDRIA REAL ESTATE
12,018,414.68
68.97
015271109
11,063,891.48
160,416
BIOMED REALTY TRUST
6,691,099.41
18.08
09063H107
6,400,319.96
354,000
BOSTON PROPERTIES INC
27,168,522.37
99.60
101121101
36,774,809.95
369,225
COMMONWEALTH REIT
3,166,118.40
16.64
203233101
2,326,305.19
139,802
CORESITE REALTY CORP
544,287.54
17.82
21870Q105
736,322.38
41,320
CORPORATE OFFICE PROPERTY
3,785,599.06
21.26
22002T108
2,950,207.53
138,768
DCT INDUSTRIAL TRUST INC
3,208,895.27
5.12
233153105
2,986,321.83
583,266
DIGITAL REALTY TRUST INC
11,608,976.16
66.67
253868103
17,190,392.62
257,843
DOUGLAS EMMETT INC
5,408,920.45
18.24
25960P109
5,975,423.97
327,600
DUKE RE CORPORATION
5,348,375.21
12.05
264411505
5,223,409.69
433,478
DUPONT FABROS TECHNOLOGY
2,788,904.51
24.22
26613Q106
3,814,044.37
157,475
EASTGROUP PROPERTY INC
1,424,561.89
43.48
277276101
1,562,497.27
35,936
FIRST INDUSTRIAL RE
1,867,678.33
10.23
32054K103
1,808,377.42
176,772
FIRST POTOMAC REALTY TRUST
1,417,014.25
13.05
33610F109
1,325,879.83
101,600
FRANKLIN STREET PPTYS CO
1,392,432.59
9.95
35471R106
1,072,281.63
107,767
HIGHWOODS PROP INC.
2,915,160.34
29.67
431284108
2,932,642.14
98,842
HUDSON PACIFIC PROPERTIES
796,317.15
14.16
444097109
800,308.93
56,519
Instrument:
Office / Industrial
KILROY RE CORP
4,871,267.80
38.07
49427F108
5,028,171.24
132,077
LIBERTY PROPERTY TRUST
5,307,134.09
30.88
531172104
5,523,443.83
178,868
MACK-CALI RE CORP.
4,403,077.13
26.69
554489104
3,552,492.28
133,102
MONMOUTH REIT  -CL A
162,674.87
9.15
609720107
194,949.87
21,306
PARKWAY PROPERTYS INC
361,843.74
9.86
70159Q104
327,056.15
33,170
PIEDMONT OFFICE REALTY TRUST
4,958,620.13
17.04
720190206
4,458,822.65
261,668
PROLOGIS INC.
48,939,815.46
28.59
74340W103
33,012,501.08
1,154,687
PS BUSINESS PARKS INC/CA
3,663,265.01
55.43
69360J107
3,777,887.01
68,156
SL GREEN RE CORP
11,482,011.82
66.64
78440X101
13,581,298.49
203,801
Office / Industrial  TOTAL
175,700,987.66
174,400,058.79
5,727,464
Instrument:
Retail
ACADIA RLTY TR
2,259,585.38
20.14
004239109
2,086,846.33
103,617
ALEXANDERS INC
2,159,187.85
370.03
014752109
2,513,613.71
6,793
CBL & ASSOC PROP
4,969,746.50
15.70
124830100
5,043,907.27
321,268
CEDAR REALTY TRUST INC
579,501.56
4.31
150602209
520,820.24
120,840
DDR CORP.
7,472,198.93
12.17
23317H102
6,390,308.71
525,087
EQUITY ONE INC
2,982,539.87
16.98
294752100
3,108,885.18
183,091
FEDERAL REALTY INV.
9,171,580.49
90.75
313747206
11,346,472.44
125,030
GENERAL GROWTH PROP
11,502,705.25
15.02
370023103
11,707,729.26
779,476
GLIMCHER REALTY TRUST
2,841,330.64
9.20
379302102
3,215,151.33
349,473
INLAND REAL ESTATE CORP
1,348,132.58
7.61
457461200
1,218,946.84
160,177
KIMCO REALTY CORP
15,506,904.37
16.24
49446R109
13,478,290.52
829,944
KITE REALTY GROUP TRUST
937,231.48
4.51
49803T102
1,170,642.59
259,566
MACERICH CO
11,083,482.69
50.60
554382101
14,569,865.11
287,942
PENNSYLVANIA RI
1,266,512.97
10.44
709102107
1,080,936.48
103,538
RAMCO-GERSHENSON PPT
311,058.18
9.83
751452202
318,600.04
32,411
REGENCY CENTERS CORP
9,940,191.79
37.62
758849103
8,742,887.83
232,400
SAUL CENTERS INC
523,205.33
35.42
804395101
474,167.44
13,387
SIMON PROP GROUP INC.
47,953,209.61
128.94
828806109
89,917,727.29
697,361
TANGER FACTORY OUTLET
3,946,781.29
29.32
875465106
5,430,063.92
185,200
TAUBMAN CENTERS INC
6,986,101.16
62.10
876664103
9,272,958.23
149,323
WEINGARTEN RE INVST
3,526,978.86
21.82
948741103
3,964,715.77
181,701
Retail  TOTAL
147,268,166.78
195,573,536.53
5,647,625
Instrument:
Diversified
AMERICAN ASSETS TRUST INC
825,029.53
20.51
024013104
929,226.01
45,306
COLONIAL PROPERTIES
2,012,435.10
20.86
195872106
2,354,384.64
112,866
COUSINS PROPERTIES INC
2,115,056.45
6.41
222795106
1,898,064.95
296,110
INVESTORS REAL ESTATE TRUST
726,090.50
7.30
461730103
689,377.44
94,500
VORNADO REALTY TRUST
31,432,142.12
76.86
929042109
31,922,186.89
415,329
WASHINGTON RE INV
2,680,828.91
27.35
939653101
2,438,389.15
89,155
Diversified  TOTAL
39,791,582.61
40,231,629.08
1,053,266
Instrument:
Health Care
HCP INC
29,573,170.06
41.43
40414L109
37,871,162.82
914,100
HEALTH CARE REIT INC
20,136,063.87
54.53
42217K106
23,791,438.88
436,300
HEALTHCARE RLTY TR
5,098,685.00
18.59
421946104
5,050,902.76
271,700
NATIONAL HEALTH INVESTORS INC
1,704,994.80
43.98
63633D104
1,678,144.82
38,157
SENIOR HOUSING PROP TRUST
6,159,107.33
22.44
81721M109
7,019,231.96
312,800
VENTAS INC.
26,482,841.39
55.13
92276F100
36,718,784.96
666,040
Health Care  TOTAL
89,154,862.45
112,129,666.20
2,639,097
Instrument:
Storage
CUBESMART
2,443,474.09
10.64
229663109
3,287,759.92
309,000
EXTRA SPACE STORAGE INC
4,099,910.77
24.23
30225T102
6,825,590.91
281,700
PUBLIC STORAGE INC
22,783,044.48
134.46
74460D109
43,863,541.15
326,220
SOVRAN SELF STORAGE
2,091,157.35
42.67
84610H108
2,618,145.77
61,358
Storage  TOTAL
31,417,586.69
56,595,037.75
978,278
Instrument:
Hotels
ASHFORD HOSPITALITY TRUST INC
1,026,580.22
8.00
044103109
1,091,199.90
136,400
CHESAPEAKE LODGING TRUST
639,052.20
15.46
165240102
691,062.00
44,700
DIAMONDROCK HOSPITALITY
4,653,545.34
9.64
252784301
4,769,062.13
494,716
HERSHA HOSPITALITY TRUST
1,499,607.94
4.88
427825104
1,705,974.74
349,585
HOSPITALITY PROPERTIES
7,108,984.75
22.98
44106M102
6,778,525.38
294,975
HOST HOTELS & RESORTS INC
28,423,668.84
14.77
44107P104
24,884,303.89
1,684,787
LASALLE HOTEL PROPERTIES
4,332,037.69
24.21
517942108
5,192,609.08
214,482
RLJ LODGING TRUST
626,139.22
16.83
74965L101
686,764.84
40,806
STRATEGIC HOTELS & RESORTS
1,920,881.58
5.37
86272T106
2,083,361.10
387,963
SUNSTONE HOTEL INVESTORS INC
2,634,485.42
8.15
867892101
2,874,643.43
352,717
Hotels  TOTAL
52,864,983.20
50,757,506.49
4,001,131
REITS TOTAL
647,461,341.79
783,566,219.83
23,054,899