Instrument:
COMMON STOCK
COM
ACCENTURE PLC
ACN
20,215,378.59
53.23
G1151C101
24,618,875.00
462,500
AGRIUM INC
AGU
13,352,549.57
67.11
008916108
11,744,250.00
175,000
ALEXION PHARMACEUTICALS INC
ALXN
4,729,711.23
71.50
015351109
14,300,000.00
200,000
ALLERGAN INC.
AGN
29,040,643.00
87.74
018490102
37,289,500.00
425,000
ALTERA CORP
ALTR
12,571,394.27
37.10
021441100
12,614,000.00
340,000
AMAZON.COM INC
AMZN
21,318,863.97
173.10
023135106
19,906,500.00
115,000
AMERICAN TOWER CORP
AMT
17,415,341.65
60.01
03027X100
24,304,049.96
405,000
ANSYS INC
ANSS
11,416,139.12
57.28
03662Q105
15,465,600.00
270,000
APPLE INC.
AAPL
62,205,560.67
405.00
037833100
150,862,499.99
372,500
ARM HOLDINGS PLC - ADR
ARMH
7,966,367.50
27.67
042068106
8,301,000.00
300,000
BORG WARNER INC.
BWA
19,625,337.64
63.74
099724106
17,209,800.00
270,000
CATERPILLAR INC.
CAT
17,591,562.08
90.60
149123101
17,213,999.96
190,000
CBRE GROUP INC
CBG
14,880,272.30
15.22
12504L109
8,523,200.00
560,000
CERNER CORP.
CERN
20,246,925.36
61.25
156782104
19,906,250.00
325,000
CHURCH & DWIGHT INC
CHD
7,404,876.45
45.76
171340102
7,779,200.00
170,000
CITRIX SYSTEMS INC
CTXS
22,701,665.66
60.72
177376100
23,377,199.93
385,000
CLEAN HARBORS INC
CLH
17,119,387.94
63.73
184496107
21,668,200.00
340,000
COACH INC
COH
16,154,138.64
61.04
189754104
26,857,599.99
440,000
COCA COLA CO.
KO
42,688,701.11
69.97
191216100
52,477,500.00
750,000
COGNIZANT TECH SOLUTIONS
CTSH
15,788,379.85
64.31
192446102
23,151,600.00
360,000
COLGATE PALMOLIVE
CL
34,307,372.50
92.39
194162103
41,575,500.00
450,000
CONCHO RESOURCES INC
CXO
14,395,631.31
93.75
20605P101
15,937,500.00
170,000
CORE LABORATORIES N.V.
CLB
18,865,371.66
113.95
N22717107
37,033,750.00
325,000
CUMMINS INC.
CMI
7,007,662.39
88.02
231021106
13,643,100.00
155,000
DANAHER CORP
DHR
25,967,196.78
47.04
235851102
31,610,880.00
672,000
DIRECTV
DTV
28,682,837.68
42.76
25490A101
25,656,000.00
600,000
EDWARDS LIFESCIENCES
EW
3,985,777.87
70.70
28176E108
3,534,999.94
50,000
EMC CORP
EMC
17,701,995.86
21.54
268648102
20,570,700.00
955,000
EOG RESOURCES INC
EOG
20,737,378.48
98.51
26875P101
22,386,397.50
227,250
EXPEDITORS INT'L. WASH INC.
EXPD
3,500,299.50
40.96
302130109
2,662,400.00
65,000
EXPRESS SCRIPTS
ESRX
16,996,117.68
44.69
302182100
17,876,000.00
400,000
EXXON MOBIL CORPORATION
XOM
72,319,222.72
84.76
30231G102
91,964,600.00
1,085,000
FASTENAL CO
FAST
7,698,386.49
43.61
311900104
16,353,749.98
375,000
FMC CORP.
FMC
5,947,405.25
86.04
302491303
6,022,800.00
70,000
Instrument:
COMMON STOCK
COM
FMC TECHNOLOGIES INC
FTI
13,856,726.73
52.23
30249U101
26,115,000.00
500,000
FOSSIL INC.
FOSL
9,542,097.18
79.36
349882100
8,729,600.00
110,000
FREEPORT MCMORAN CLASS B
FCX
10,611,731.02
36.79
35671D857
16,886,610.00
459,000
GARTNER INC
IT
13,826,165.22
34.77
366651107
13,212,600.00
380,000
GILEAD SCIENCES INC.
GILD
15,235,297.80
40.93
375558103
16,372,000.00
400,000
GOOGLE INC - CL A
GOOG
20,154,710.70
645.90
38259P508
24,544,200.00
38,000
HUNT (JB) TRANSPRT SVCS INC
JBHT
17,470,887.89
45.07
445658107
23,436,400.00
520,000
IHS INC-CLASS A
IHS
12,541,104.55
86.16
451734107
12,924,000.00
150,000
INTL BUS MACH CORP
IBM
37,021,625.55
183.88
459200101
52,405,800.00
285,000
INTUIT INC.
INTU
19,997,573.86
52.59
461202103
21,036,000.00
400,000
INTUITIVE SURGICAL INC
ISRG
15,015,890.53
463.01
46120E602
20,140,934.91
43,500
JOY GLOBAL INC
JOY
14,770,409.77
74.97
481165108
17,992,800.00
240,000
LAS VEGAS SANDS CORP
LVS
25,807,338.50
42.73
517834107
24,142,450.00
565,000
MCDONALDS CORPORATION
MCD
17,083,709.60
100.33
580135101
27,590,750.00
275,000
MCKESSON CORP
MCK
22,383,332.96
77.91
58155Q103
24,931,200.00
320,000
MEDCO HEALTH SOLUTIONS INC
MHS
15,080,563.46
55.90
58405U102
13,415,999.99
240,000
METTLER-TOLEDO
MTD
14,527,489.33
147.71
592688105
21,417,950.00
145,000
MICROSOFT CORP.
MSFT
11,249,058.86
25.96
594918104
11,422,400.00
440,000
NATIONAL OILWELL VARCO INC
NOV
10,804,269.30
67.99
637071101
17,456,432.50
256,750
NETAPP INC.
NTAP
13,835,270.73
36.27
64110D104
14,326,649.97
395,000
NIKE INC. -CL B
NKE
25,486,589.96
96.37
654106103
31,802,099.99
330,000
OCCIDENTAL PETROLEUM CORP.
OXY
20,931,935.59
93.70
674599105
23,518,699.96
251,000
OCEANEERING INT'L. INC.
OII
13,572,373.36
46.13
675232102
22,603,700.00
490,000
ORACLE SYS. CORP.
ORCL
35,049,978.18
25.65
68389X105
45,528,750.00
1,775,000
PEPSICO INC.
PEP
50,901,120.08
66.35
713448108
54,738,750.00
825,000
PHILIP MORRIS INTERNATIONAL
PM
45,098,941.41
78.48
718172109
80,834,400.00
1,030,000
PRAXAIR INC.
PX
27,422,911.83
106.90
74005P104
34,742,500.00
325,000
PRECISION CASTPARTS CORP
PCP
19,954,673.26
164.79
740189105
28,838,249.99
175,000
PRICELINE.COM INC
PCLN
5,520,801.06
467.71
741503403
11,692,750.00
25,000
QUALCOMM INC
QCOM
37,770,717.27
54.70
747525103
50,597,499.96
925,000
RED HAT INC
RHT
11,996,190.96
41.29
756577102
10,941,850.00
265,000
ROPER INDUSTRIES INC
ROP
16,137,281.06
86.87
776696106
24,757,950.00
285,000
ROSS STORES INC
ROST
12,957,931.65
47.53
778296103
27,092,100.00
570,000
STRYKER CORP.
SYK
22,667,265.62
49.71
863667101
22,369,499.99
450,000
Instrument:
COMMON STOCK
COM
SXC HEALTH SOLUTIONS CORP
SXCI
12,863,139.30
56.48
78505P100
12,566,800.00
222,500
TRANSDIGM GROUP INC
TDG
19,237,993.86
95.68
893641100
21,709,792.00
226,900
UNION PACIFIC CORP.
UNP
22,236,146.76
105.94
907818108
37,079,000.00
350,000
UNITED TECHNOLOGIES
UTX
12,782,479.23
73.09
913017109
14,617,999.99
200,000
VISA INC-CLASS A
V
19,551,515.99
101.53
92826C839
24,367,200.00
240,000
WELLPOINT INC.
WLP
17,788,293.58
66.25
94973V107
19,676,249.97
297,000
WYNN RESORTS LTD
WYNN
13,035,610.00
110.49
983134107
11,049,000.00
100,000
COMMON STOCK  TOTAL
1,466,324,996.32
1,904,023,821.47
27,973,900
Instrument:
REAL ESTATE INVESTMENT TRUST
REIT
DIGITAL REALTY TRUST INC
DLR
12,616,821.99
66.67
253868103
13,834,025.00
207,500
REAL ESTATE INVESTMENT TRUST  TOTAL
12,616,821.99
13,834,025.00
207,500
LARGE-CAP GROWTH (F) TOTAL
1,478,941,818.31
1,917,857,846.47
28,181,400